"OPEN 6.2.4"
"Tue Jul  3 2018 09:37:55"
<open><version>"6.2.4"</version></open>
<open><configfile>"/User/Configs/UserPrefs/2x3 LED.xml"</configfile></open>
<open><light><source>"6400-02 or -02B LED Source"</source><par_in>1<sensor>"SI-3781"<cal>-0.93<actinity>1.00</actinity><transm>1.00</transm></cal></sensor><transm>1</transm></par_in><par_out>1<sensor>"Q49599"<cal>7.26</cal></sensor></par_out></light></open>
<open><comps><file>"/User/Configs/Comps/StdComps_6.2"<header>""</header><extras></extras></file><energybal>no<f_parIn>1</f_parIn><f_parOut>0</f_parOut><alphaK>0.16</alphaK></energybal><bc_total>5.036<stomatal_ratio>1</stomatal_ratio><bc_oneside>2.518<type>2</type><table>"/Sys/Lib/StdBLCTable"</table><area>1</area><slope>-0.219565</slope><offset>2.73739</offset><fan>5</fan></bc_oneside></bc_total></comps></open>
<open><prompts><onlog>off</onlog><items>"Default (none)"</items></prompts></open>
<open><constants><oxygen>21 %</oxygen><bb_vapor>1.5</bb_vapor><bb_oxy>0.9</bb_oxy></constants></open>
<open><stability><items>"Std Stability"<items[1]><id>-2</id><size>15</size><pcv><onoff>0</onoff><value>1</value></pcv><std><onoff>0</onoff><value>1</value></std><slp><onoff>1</onoff><value>1</value></slp></items[1]><items[2]><id>-5</id><size>15</size><pcv><onoff>0</onoff><value>1</value></pcv><std><onoff>0</onoff><value>1</value></std><slp><onoff>1</onoff><value>1</value></slp></items[2]><items[3]><id>-7</id><size>15</size><pcv><onoff>0</onoff><value>1</value></pcv><std><onoff>0</onoff><value>1</value></std><slp><onoff>1</onoff><value>1</value></slp></items[3]></items></stability></open>
<open><log><format>"StdLogFmt_6.0"<items>{ -35 -21 -36 -76 30 23 36 21 25 221 -33 111 -34 11 -9 -10 -8 -1 -2 -4 -5 -14 -15 -7 -12 -13 -11 -65 -66 -72 -18 -19 -77 -78 -79 -23  }<hdr>{  }</hdr></items></format><options><beep>on</beep><hdr>normal</hdr><rem>normal</rem><stab>no</stab><stats>no<mean>no</mean><file>no</file><period>15</period></stats><excel>yes</excel><controls>yes</controls><comm>no</comm></options><datafile>"/User/07032018_maxfield"</datafile><button><action>"Normal Log"<code>" LogOneObsManual "</code></action></button><autoprog>"/User/Configs/AutoProgs/AutoLog2"<active>no</active></autoprog></log></open>
<open><a2d><avgtime>4.0 secs</avgtime><userchans><ch20>"Off"</ch20><ch21>"Off"</ch21><ch22>"Off"</ch22><ch23>"Off"</ch23></userchans></a2d></open>
<open><matching><type>0</type><disp>'a'</disp><settings><CO2Limit>10.0</CO2Limit><H2OLimit>1.0</H2OLimit><MaxAutoTime>60</MaxAutoTime></settings></matching></open>
<li6400><factory><unit>"PSC-3840"</unit><serviced>"1 Jul 2013"</serviced><fuseaware>0</fuseaware><co2mixer>yes</co2mixer><co2><coeffs>{ 0 0.213319 2.22998e-05 2.13159e-08 -3.88664e-12 3.69888e-16  }</coeffs><dvdt>-4.7</dvdt><xs>{ 0.0009 -0.0002  }</xs></co2><h2o><coeffs>{ 0 0.00572751 2.23485e-06 -7.37877e-12  }</coeffs><dvdt>-1.7</dvdt><xs>{ 0.0009 -0.0028  }</xs></h2o><flow>{ 0 0.3568  }</flow><press>{ 88.437 0.00551  }</press></factory></li6400>
<li6400><user><flow_zero>-507.8</flow_zero><irga_zero><co2>273.4 -39.1<at>24.2474</at></co2><h2o>39.1 117.2<at>24.2474</at></h2o></irga_zero><irga_span><co2>{ 0.99237 0.992833  }</co2><h2o>{ 1.00426 0.996799  }</h2o></irga_span><irga_match><co2>{ -0.22326 60.7824  }</co2><h2o>{ -0.00417798 -0.353656  }</h2o></irga_match><co2_mixer><pump_mv>4500</pump_mv><ppm>{ 2836.75 1238.12 454.523 268.41 117.656 66.4513 42.68 37.5391  }</ppm><mv>{ 5000 3000 1500 1000 500 300 200 100  }</mv></co2_mixer><parin_offset>0</parin_offset><led_cal><unit>"SI-3781"</unit><mv>{ 10 25 50 100 1000 2000 3000 4000 5000  }</mv><qntm>{ 4.69642 15.4417 35.4805 82.2863 972.665 1922.29 2824.32 3690.14 4518.2  }</qntm></led_cal><lcf_cal><unit>"unknown"</unit><red><mv>{ 50 100 500 1000 1500 5000  }</mv><qntm>{ 50 100 500 1000 2000 5000  }</qntm></red><blue><mv>{ 100 200 500 1000 2000 5000  }</mv><qntm>{ 10 20 50 100 200 500  }</qntm></blue></lcf_cal></user></li6400>
"09:38:14 1D32"
$STARTOFDATA$
"Obs"	"HHMMSS"	"FTime"	"EBal?"	"Photo"	"Cond"	"Ci"	"Trmmol"	"VpdL"	"CTleaf"	"Area"	"BLC_1"	"StmRat"	"BLCond"	"Tair"	"Tleaf"	"TBlk"	"CO2R"	"CO2S"	"H2OR"	"H2OS"	"RH_R"	"RH_S"	"Flow"	"PARi"	"PARo"	"Press"	"CsMch"	"HsMch"	"StableF"	"BLCslope"	"BLCoffst"	"f_parin"	"f_parout"	"alphaK"	"Status"
"09:41:13 1D28"
1	"09:45:22"	472.0	0	13	0.0447	-81.3	1.87	2.97	27.05	1	2.52	1	5.04	27.49	27.05	27.60	401.61	398.85	8.250	8.621	16.19	16.91	499.9	1801	99	72.29	60.8	-0.354	1.0	-0.22	2.74	1.00	0.00	0.16	111115
2	"09:46:20"	530.0	0	13.6	0.048	-69.4	1.97	2.91	26.73	1	2.52	1	5.04	27.51	26.73	27.74	401.58	398.70	8.104	8.495	15.88	16.65	499.9	1800	100	72.29	60.8	-0.354	1.0	-0.22	2.74	1.00	0.00	0.16	111115
"09:57:16 3A639"
3	"09:59:11"	1301.5	0	12.4	0.0866	151	3.07	2.54	24.79	1	2.52	1	5.04	24.94	24.79	24.65	401.69	398.96	7.699	8.309	17.56	18.95	499.9	1800	600	72.28	60.8	-0.354	1.0	-0.22	2.74	1.00	0.00	0.16	111115
4	"10:00:00"	1350.0	0	10.3	0.0852	188	3	2.52	24.68	1	2.52	1	5.04	25.62	24.68	24.61	403.85	401.54	7.630	8.226	16.71	18.02	499.9	1799	604	72.28	60.8	-0.354	0.7	-0.22	2.74	1.00	0.00	0.16	111115
"10:04:27 6C81"
"10:07:52 6C105"
5	"10:12:03"	2073.5	0	14.1	0.0602	9.38	2.02	2.39	24.25	1	2.52	1	5.04	24.52	24.25	24.05	402.53	399.54	8.593	8.993	20.09	21.03	499.9	1800	109	72.24	60.8	-0.354	1.0	-0.22	2.74	1.00	0.00	0.16	111115
6	"10:12:41"	2111.5	0	11.6	0.0582	66	2.01	2.46	24.63	1	2.52	1	5.04	25.53	24.63	24.49	402.90	400.42	8.620	9.019	18.98	19.86	499.8	1799	109	72.24	60.8	-0.354	0.7	-0.22	2.74	1.00	0.00	0.16	111115
"10:16:20 Flow: Fixed -> 500 umol/s"
"10:18:23 6A134"
7	"10:20:29"	2578.0	0	2.69	0.0115	7.47	0.518	3.17	28.06	1	2.52	1	5.04	28.03	28.06	27.78	398.90	398.32	8.760	8.863	16.65	16.85	499.9	1799	1261	72.23	63.6	-0.253	0.7	-0.22	2.74	1.00	0.00	0.16	111115
8	"10:21:51"	2660.5	0	1.69	0.00814	51.9	0.368	3.17	28.07	1	2.52	1	5.04	26.52	28.07	25.11	400.61	400.24	8.759	8.832	18.18	18.33	499.8	1799	1284	72.23	63.6	-0.253	0.7	-0.22	2.74	1.00	0.00	0.16	111115
"10:26:35 3B860"
"10:32:45 3D869"
9	"10:34:16"	3406.5	0	8.1	0.0501	122	1.98	2.8	26.75	1	2.52	1	5.04	25.74	26.75	25.47	401.07	399.29	9.656	10.049	21.00	21.86	499.8	1800	124	72.26	63.6	-0.253	1.0	-0.22	2.74	1.00	0.00	0.16	111115
10	"10:35:17"	3467.0	0	7.78	0.0448	103	1.78	2.81	26.82	1	2.52	1	5.04	26.02	26.82	25.86	401.18	399.48	9.820	10.172	21.00	21.76	499.8	1800	123	72.26	63.6	-0.253	1.0	-0.22	2.74	1.00	0.00	0.16	111115
"10:39:20 Lamp: ParIn ->  1800 uml"
"10:39:20 CO2 Mixer: CO2S -> 400 uml"
"10:39:20 Coolers: Tleaf -> 27.00 C"
"10:39:20 Flow: Fixed -> 500 umol/s"
"10:40:45 Flow: Fixed -> 500 umol/s"
"10:42:29 2B196"
11	"10:44:33"	4022.0	0	19.4	0.133	145	4.67	2.53	26.03	1	2.52	1	5.04	25.55	26.03	25.94	403.81	399.55	10.821	11.745	23.80	25.83	499.8	1799	460	72.26	63.3	-0.246	0.7	-0.22	2.74	1.00	0.00	0.16	111115
12	"10:45:21"	4070.5	0	15	0.15	220	4.61	2.23	24.39	1	2.52	1	5.04	25.12	24.39	24.13	403.52	400.15	10.704	11.616	24.16	26.21	499.8	1801	441	72.26	63.3	-0.246	0.7	-0.22	2.74	1.00	0.00	0.16	111115
"10:48:33 6D53"
13	"10:50:36"	4386.0	0	20.7	0.283	260	9.13	2.39	25.45	1	2.52	1	5.04	26.03	25.45	25.32	405.24	400.38	10.297	12.102	22.00	25.86	499.8	1799	350	72.23	63.3	-0.246	0.7	-0.22	2.74	1.00	0.00	0.16	111115
14	"10:51:28"	4437.5	0	22.9	0.288	250	8.61	2.22	24.45	1	2.52	1	5.04	24.87	24.45	24.29	404.31	399.04	10.211	11.913	23.37	27.27	499.8	1799	306	72.23	63.3	-0.246	1.0	-0.22	2.74	1.00	0.00	0.16	111115
"10:55:54 4D56"
"11:04:45 2C272"
"11:09:45 2C267"
"11:11:14 Flow: Fixed -> 500 umol/s"
15	"11:13:15"	5743.5	0	6.33	0.0436	148	1.78	2.88	27.30	1	2.52	1	5.04	27.36	27.30	27.13	401.87	400.47	10.197	10.548	20.16	20.85	499.8	1800	784	72.25	66	-0.136	0.7	-0.22	2.74	1.00	0.00	0.16	111115
16	"11:15:06"	5855.0	0	5.65	0.0407	160	1.54	2.67	26.14	1	2.52	1	5.04	26.34	26.14	25.90	401.72	400.46	9.839	10.144	20.65	21.28	499.9	1801	944	72.25	66	-0.136	1.0	-0.22	2.74	1.00	0.00	0.16	111115
"11:17:05 2A173"
17	"11:19:43"	6132.5	0	12.8	0.194	270	6.88	2.58	26.05	1	2.52	1	5.04	26.52	26.05	25.80	401.64	398.52	9.780	11.141	20.31	23.14	499.8	1799	291	72.25	66	-0.136	0.7	-0.22	2.74	1.00	0.00	0.16	111115
18	"11:20:38"	6188.0	0	15.1	0.207	259	7.24	2.56	25.94	1	2.52	1	5.04	26.24	25.94	25.68	403.18	399.57	9.678	11.111	20.43	23.45	499.8	1801	344	72.25	66	-0.136	0.7	-0.22	2.74	1.00	0.00	0.16	111115
"11:23:00 3C167"
19	"11:25:26"	6475.5	0	14.7	0.129	193	5.12	2.86	27.17	1	2.52	1	5.04	26.52	27.17	26.97	402.53	399.18	9.436	10.449	19.59	21.70	499.9	1799	620	72.25	66	-0.136	0.7	-0.22	2.74	1.00	0.00	0.16	111115
20	"11:27:35"	6604.5	0	15.8	0.166	226	5.47	2.4	24.84	1	2.52	1	5.04	25.51	24.84	24.63	404.28	400.67	9.294	10.378	20.48	22.87	499.8	1800	884	72.25	66	-0.136	1.0	-0.22	2.74	1.00	0.00	0.16	111115
"11:30:35 5C209"
21	"11:32:41"	6911.0	0	7.67	0.0572	164	2.33	2.89	27.16	1	2.52	1	5.04	26.76	27.16	26.91	400.77	399.05	9.593	10.055	19.64	20.59	499.9	1799	505	72.24	66	-0.136	0.7	-0.22	2.74	1.00	0.00	0.16	111115
22	"11:33:53"	6982.5	0	5.16	0.0651	252	2.4	2.61	25.84	1	2.52	1	5.04	26.70	25.84	25.58	400.65	399.43	9.597	10.072	19.72	20.69	499.8	1799	390	72.24	66	-0.136	0.7	-0.22	2.74	1.00	0.00	0.16	111115
"11:38:00 1B270"
23	"11:40:29"	7379.5	0	10.1	0.161	277	5.33	2.4	24.67	1	2.52	1	5.04	25.15	24.67	24.45	401.25	398.80	8.804	9.859	19.83	22.21	499.8	1800	321	72.25	66	-0.136	0.7	-0.22	2.74	1.00	0.00	0.16	111115
24	"11:41:58"	7468.5	0	9.04	0.154	284	5.06	2.39	24.44	1	2.52	1	5.04	24.88	24.44	24.23	401.27	399.05	8.545	9.549	19.56	21.85	499.9	1801	438	72.25	66	-0.136	1.0	-0.22	2.74	1.00	0.00	0.16	111115
"11:45:45 5A188"
25	"11:47:56"	7826.0	0	5.54	0.189	331	6.32	2.44	24.65	1	2.52	1	5.04	25.44	24.65	24.39	401.68	400.06	8.019	9.271	17.75	20.52	499.8	1799	945	72.24	66	-0.136	0.7	-0.22	2.74	1.00	0.00	0.16	111115
26	"11:48:51"	7882.0	0	7.21	0.157	302	6	2.77	26.32	1	2.52	1	5.04	26.42	26.32	26.10	402.00	400.08	8.029	9.219	16.77	19.26	499.9	1799	1318	72.24	66	-0.136	0.7	-0.22	2.74	1.00	0.00	0.16	111115
"11:52:51 Lamp: ParIn ->  1800 uml"
"11:52:51 CO2 Mixer: CO2S -> 400 uml"
"11:52:51 Coolers: Tleaf -> 27.00 C"
"11:52:51 Flow: Fixed -> 500 umol/s"
"11:55:16 Flow: Fixed -> 500 umol/s"
"11:55:36 4C28"
27	"11:57:57"	8426.0	0	4.08	0.0272	141	1.15	2.99	27.04	1	2.52	1	5.04	27.27	27.04	26.78	401.06	400.15	7.975	8.204	15.84	16.30	499.8	1801	567	72.25	66.8	-0.0974	1.0	-0.22	2.74	1.00	0.00	0.16	111115
28	"11:59:12"	8501.0	0	3.47	0.0267	172	1.14	3	27.04	1	2.52	1	5.04	27.24	27.04	26.79	401.10	400.31	7.868	8.094	15.66	16.11	499.9	1799	1044	72.25	66.8	-0.0974	1.0	-0.22	2.74	1.00	0.00	0.16	111115
"12:01:39 4B168"
29	"12:03:22"	8751.0	0	4.19	0.0397	209	1.61	2.88	26.45	1	2.52	1	5.04	26.95	26.45	26.19	400.06	399.09	7.827	8.147	15.84	16.49	499.8	1800	1013	72.24	66.8	-0.0974	1.0	-0.22	2.74	1.00	0.00	0.16	111115
30	"12:04:08"	8797.5	0	2.92	0.0378	256	1.41	2.64	25.25	1	2.52	1	5.04	26.74	25.25	25.09	400.41	399.71	7.901	8.180	16.19	16.76	499.8	1799	998	72.24	66.8	-0.0974	1.0	-0.22	2.74	1.00	0.00	0.16	111115
31	"12:05:49"	8898.0	0	3.3	0.00247	-1.7E+03	0.105	2.99	26.98	1	2.52	1	5.04	27.18	26.98	26.77	400.37	399.70	8.053	8.073	16.08	16.12	499.9	1798	969	72.24	66.8	-0.0974	0.7	-0.22	2.74	1.00	0.00	0.16	111115
"12:08:00 5D281"
32	"12:10:43"	9192.5	0	7	0.0451	133	1.72	2.7	25.68	1	2.52	1	5.04	26.77	25.68	25.56	401.35	399.81	8.080	8.421	16.52	17.22	499.8	1800	1849	72.23	66.8	-0.0974	0.7	-0.22	2.74	1.00	0.00	0.16	111115
33	"12:11:32"	9241.5	0	8.83	0.0397	27.2	1.65	2.93	26.82	1	2.52	1	5.04	27.53	26.82	26.74	401.49	399.59	8.099	8.426	15.84	16.48	499.9	1800	1846	72.23	66.8	-0.0974	0.7	-0.22	2.74	1.00	0.00	0.16	111115
"12:13:31 5B6"
"12:16:16 5B290"
"12:22:06 5B299"
34	"12:24:34"	10024.5	0	13.6	0.0893	138	3.21	2.57	25.34	1	2.52	1	5.04	26.86	25.34	25.17	403.40	400.42	8.715	9.351	17.73	19.02	499.8	1800	1618	72.23	66.8	-0.0974	1.0	-0.22	2.74	1.00	0.00	0.16	111115
35	"12:25:51"	10101.0	0	14.5	0.0875	116	3.19	2.6	25.51	1	2.52	1	5.04	27.01	25.51	25.30	403.59	400.43	8.715	9.346	17.58	18.85	499.8	1799	1631	72.23	66.8	-0.0974	1.0	-0.22	2.74	1.00	0.00	0.16	111115
"12:29:21 6B23"
"12:31:20 Flow: Fixed -> 500 umol/s"
36	"12:33:16"	10546.0	0	0.901	0.0057	130	0.212	2.61	25.43	1	2.52	1	5.04	26.43	25.43	25.20	399.13	398.94	8.978	9.020	18.73	18.82	499.8	1800	512	72.21	67.2	-0.0299	1.0	-0.22	2.74	1.00	0.00	0.16	111115
37	"12:34:17"	10606.5	0	0.841	0.00842	222	0.31	2.59	25.35	1	2.52	1	5.04	26.73	25.35	25.14	400.98	400.79	9.007	9.068	18.46	18.59	499.7	1799	522	72.21	67.2	-0.0299	1.0	-0.22	2.74	1.00	0.00	0.16	111115
"12:38:37 1C52"
38	"12:40:24"	10973.5	0	0.953	0.0141	272	0.512	2.56	25.20	1	2.52	1	5.04	26.12	25.20	25.01	400.00	399.77	8.965	9.066	19.06	19.27	499.8	1800	649	72.25	67.2	-0.0299	1.0	-0.22	2.74	1.00	0.00	0.16	111115
"12:41:03 Lamp: ParIn ->  1800 uml"
"12:41:03 CO2 Mixer: CO2S -> 400 uml"
"12:41:03 Coolers: Tleaf -> 27.00 C"
"12:41:03 Flow: Fixed -> 500 umol/s"
