"OPEN 6.2.4"
"Fri Jul  6 2018 09:05:55"
<open><version>"6.2.4"</version></open>
<open><configfile>"/User/Configs/UserPrefs/2x3 LED.xml"</configfile></open>
<open><light><source>"6400-02 or -02B LED Source"</source><par_in>1<sensor>"SI-3781"<cal>-0.93<actinity>1.00</actinity><transm>1.00</transm></cal></sensor><transm>1</transm></par_in><par_out>1<sensor>"Q49599"<cal>7.26</cal></sensor></par_out></light></open>
<open><comps><file>"/User/Configs/Comps/StdComps_6.2"<header>""</header><extras></extras></file><energybal>no<f_parIn>1</f_parIn><f_parOut>0</f_parOut><alphaK>0.16</alphaK></energybal><bc_total>5.036<stomatal_ratio>1</stomatal_ratio><bc_oneside>2.518<type>2</type><table>"/Sys/Lib/StdBLCTable"</table><area>1</area><slope>-0.219565</slope><offset>2.73739</offset><fan>5</fan></bc_oneside></bc_total></comps></open>
<open><prompts><onlog>off</onlog><items>"Default (none)"</items></prompts></open>
<open><constants><oxygen>21 %</oxygen><bb_vapor>1.5</bb_vapor><bb_oxy>0.9</bb_oxy></constants></open>
<open><stability><items>"Std Stability"<items[1]><id>-2</id><size>15</size><pcv><onoff>0</onoff><value>1</value></pcv><std><onoff>0</onoff><value>1</value></std><slp><onoff>1</onoff><value>1</value></slp></items[1]><items[2]><id>-5</id><size>15</size><pcv><onoff>0</onoff><value>1</value></pcv><std><onoff>0</onoff><value>1</value></std><slp><onoff>1</onoff><value>1</value></slp></items[2]><items[3]><id>-7</id><size>15</size><pcv><onoff>0</onoff><value>1</value></pcv><std><onoff>0</onoff><value>1</value></std><slp><onoff>1</onoff><value>1</value></slp></items[3]></items></stability></open>
<open><log><format>"StdLogFmt_6.0"<items>{ -35 -21 -36 -76 30 23 36 21 25 221 -33 111 -34 11 -9 -10 -8 -1 -2 -4 -5 -14 -15 -7 -12 -13 -11 -65 -66 -72 -18 -19 -77 -78 -79 -23  }<hdr>{  }</hdr></items></format><options><beep>on</beep><hdr>normal</hdr><rem>normal</rem><stab>no</stab><stats>no<mean>no</mean><file>no</file><period>15</period></stats><excel>yes</excel><controls>yes</controls><comm>no</comm></options><datafile>"/User/07062018_maxfield"</datafile><button><action>"Normal Log"<code>" LogOneObsManual "</code></action></button><autoprog>"/User/Configs/AutoProgs/AutoLog2"<active>no</active></autoprog></log></open>
<open><a2d><avgtime>4.0 secs</avgtime><userchans><ch20>"Off"</ch20><ch21>"Off"</ch21><ch22>"Off"</ch22><ch23>"Off"</ch23></userchans></a2d></open>
<open><matching><type>0</type><disp>'a'</disp><settings><CO2Limit>10.0</CO2Limit><H2OLimit>1.0</H2OLimit><MaxAutoTime>60</MaxAutoTime></settings></matching></open>
<li6400><factory><unit>"PSC-3840"</unit><serviced>"1 Jul 2013"</serviced><fuseaware>0</fuseaware><co2mixer>yes</co2mixer><co2><coeffs>{ 0 0.213319 2.22998e-05 2.13159e-08 -3.88664e-12 3.69888e-16  }</coeffs><dvdt>-4.7</dvdt><xs>{ 0.0009 -0.0002  }</xs></co2><h2o><coeffs>{ 0 0.00572751 2.23485e-06 -7.37877e-12  }</coeffs><dvdt>-1.7</dvdt><xs>{ 0.0009 -0.0028  }</xs></h2o><flow>{ 0 0.3568  }</flow><press>{ 88.437 0.00551  }</press></factory></li6400>
<li6400><user><flow_zero>-507.8</flow_zero><irga_zero><co2>273.4 -39.1<at>24.2474</at></co2><h2o>39.1 117.2<at>24.2474</at></h2o></irga_zero><irga_span><co2>{ 0.99237 0.992833  }</co2><h2o>{ 1.00426 0.996799  }</h2o></irga_span><irga_match><co2>{ -0.22326 67.2029  }</co2><h2o>{ -0.00417798 -0.0298764  }</h2o></irga_match><co2_mixer><pump_mv>4500</pump_mv><ppm>{ 2794.77 1224.13 450.407 266.289 117.037 66.1958 42.6399 37.6069  }</ppm><mv>{ 5000 3000 1500 1000 500 300 200 100  }</mv></co2_mixer><parin_offset>0</parin_offset><led_cal><unit>"SI-3781"</unit><mv>{ 10 25 50 100 1000 2000 3000 4000 5000  }</mv><qntm>{ 4.69642 15.4417 35.4805 82.2863 972.665 1922.29 2824.32 3690.14 4518.2  }</qntm></led_cal><lcf_cal><unit>"unknown"</unit><red><mv>{ 50 100 500 1000 1500 5000  }</mv><qntm>{ 50 100 500 1000 2000 5000  }</qntm></red><blue><mv>{ 100 200 500 1000 2000 5000  }</mv><qntm>{ 10 20 50 100 200 500  }</qntm></blue></lcf_cal></user></li6400>
"09:06:03 1A252"
$STARTOFDATA$
"Obs"	"HHMMSS"	"FTime"	"EBal?"	"Photo"	"Cond"	"Ci"	"Trmmol"	"VpdL"	"CTleaf"	"Area"	"BLC_1"	"StmRat"	"BLCond"	"Tair"	"Tleaf"	"TBlk"	"CO2R"	"CO2S"	"H2OR"	"H2OS"	"RH_R"	"RH_S"	"Flow"	"PARi"	"PARo"	"Press"	"CsMch"	"HsMch"	"StableF"	"BLCslope"	"BLCoffst"	"f_parin"	"f_parout"	"alphaK"	"Status"
"09:11:50 Flow: Fixed -> 500 umol/s"
"09:12:43 Flow: Fixed -> 500 umol/s"
"09:13:39 Flow: Fixed -> 500 umol/s"
1	"09:17:29"	720.5	0	17.4	0.166	208	6.24	2.77	25.50	1	2.52	1	5.04	25.14	25.50	25.60	403.76	399.77	5.612	6.851	12.83	15.66	500.0	1799	609	73.31	61.6	-0.169	0.7	-0.22	2.74	1.00	0.00	0.16	111115
2	"09:18:16"	767.0	0	16.1	0.191	242	6.43	2.5	24.13	1	2.52	1	5.04	24.70	24.13	24.31	403.65	399.90	5.741	7.018	13.48	16.47	499.9	1801	628	73.31	61.6	-0.169	0.7	-0.22	2.74	1.00	0.00	0.16	111115
"09:20:58 3B616"
3	"09:24:07"	1118.0	0	17.4	0.21	242	7.58	2.68	25.35	1	2.52	1	5.04	24.69	25.35	25.25	402.89	398.80	6.170	7.674	14.49	18.02	499.9	1800	123	73.3	61.6	-0.169	0.7	-0.22	2.74	1.00	0.00	0.16	111115
4	"09:25:37"	1208.5	0	19.7	0.225	236	7.44	2.47	24.18	1	2.52	1	5.04	24.18	24.18	24.06	403.47	398.93	6.134	7.610	14.85	18.43	499.9	1800	126	73.31	61.6	-0.169	1.0	-0.22	2.74	1.00	0.00	0.16	111115
"09:28:46 4A110"
5	"09:30:59"	1531.0	0	17.8	0.0814	33.3	3.03	2.7	25.34	1	2.52	1	5.04	25.19	25.34	25.35	404.96	401.15	6.775	7.377	15.45	16.82	499.9	1799	262	73.31	61.6	-0.169	0.7	-0.22	2.74	1.00	0.00	0.16	111115
6	"09:31:52"	1584.0	0	20.3	0.0673	-97.8	2.84	3.05	27.09	1	2.52	1	5.04	25.84	27.09	27.01	404.75	400.47	6.941	7.505	15.23	16.46	499.9	1800	267	73.31	61.6	-0.169	1.0	-0.22	2.74	1.00	0.00	0.16	111115
7	"09:32:21"	1613.0	0	15.7	0.072	35.6	2.71	2.73	25.54	1	2.52	1	5.04	25.85	25.54	25.42	404.69	401.33	7.039	7.578	15.43	16.61	499.9	1800	271	73.31	61.6	-0.169	0.7	-0.22	2.74	1.00	0.00	0.16	111115
"09:35:22 Flow: Fixed -> 500 umol/s"
"09:35:48 2C297"
8	"09:38:46"	1997.0	0	9.8	0.0953	218	3.03	2.32	23.57	1	2.52	1	5.04	24.55	23.57	23.58	402.91	400.71	7.566	8.167	17.92	19.35	499.9	1801	361	73.32	62.9	-0.136	0.7	-0.22	2.74	1.00	0.00	0.16	111115
9	"09:39:29"	2041.0	0	11.7	0.0785	142	3.05	2.82	26.21	1	2.52	1	5.04	25.31	26.21	26.05	402.85	400.27	7.596	8.202	17.20	18.57	499.9	1800	349	73.32	62.9	-0.136	0.7	-0.22	2.74	1.00	0.00	0.16	111115
"09:41:22 1D19"
"09:42:36 1D19"
10	"09:44:39"	2350.5	0	11.2	0.112	219	4.23	2.75	26.15	1	2.52	1	5.04	25.84	26.15	26.09	403.31	400.73	8.080	8.918	17.73	19.57	500.0	1798	1205	73.32	62.9	-0.136	0.7	-0.22	2.74	1.00	0.00	0.16	111115
11	"09:45:24"	2395.5	0	11.5	0.128	236	4.1	2.35	24.04	1	2.52	1	5.04	24.27	24.04	23.85	402.52	399.88	8.143	8.956	19.62	21.58	499.9	1800	1209	73.32	62.9	-0.136	1.0	-0.22	2.74	1.00	0.00	0.16	111115
"09:47:44 3A657"
12	"09:51:43"	2774.5	0	9.77	0.238	312	8.05	2.52	25.39	1	2.52	1	5.04	25.43	25.39	25.33	402.68	400.08	8.401	9.994	18.89	22.47	499.8	1799	94	73.32	62.9	-0.136	0.7	-0.22	2.74	1.00	0.00	0.16	111115
13	"09:52:51"	2842.5	0	13.1	0.244	292	7.55	2.31	24.29	1	2.52	1	5.04	24.36	24.29	24.08	402.15	398.93	8.535	10.029	20.45	24.03	499.9	1799	96	73.32	62.9	-0.136	0.7	-0.22	2.74	1.00	0.00	0.16	111115
"09:55:39 6A136"
14	"09:58:27"	3179.0	0	17.3	0.168	214	5.4	2.37	24.91	1	2.52	1	5.04	25.32	24.91	24.77	404.20	400.31	9.713	10.781	21.97	24.39	499.9	1801	209	73.3	62.9	-0.136	0.7	-0.22	2.74	1.00	0.00	0.16	111115
15	"10:00:10"	3282.0	0	17.8	0.152	193	4.59	2.23	24.19	1	2.52	1	5.04	24.68	24.19	24.04	404.14	400.21	10.031	10.940	23.56	25.70	499.9	1800	223	73.29	62.9	-0.136	1.0	-0.22	2.74	1.00	0.00	0.16	111115
"10:04:37 3D875"
16	"10:07:22"	3714.5	0	5.15	0.0399	178	1.26	2.28	24.09	1	2.52	1	5.04	24.20	24.09	23.85	401.57	400.44	9.771	10.020	23.63	24.24	499.9	1801	242	73.32	62.9	-0.136	1.0	-0.22	2.74	1.00	0.00	0.16	111115
17	"10:08:46"	3798.5	0	4.92	0.0375	173	1.17	2.25	23.89	1	2.52	1	5.04	24.02	23.89	23.65	399.67	398.60	9.695	9.927	23.71	24.27	499.9	1799	132	73.32	62.9	-0.136	0.7	-0.22	2.74	1.00	0.00	0.16	111115
"10:12:39 Lamp: ParIn ->  1800 uml"
"10:12:39 CO2 Mixer: CO2S -> 400 uml"
"10:12:39 Coolers: Tleaf -> 27.00 C"
"10:12:39 Flow: Fixed -> 500 umol/s"
"10:12:46 2B184"
"10:14:57 Flow: Fixed -> 500 umol/s"
"10:15:48 Flow: Fixed -> 500 umol/s"
18	"10:19:08"	4419.5	0	8.6	0.101	246	2.86	2.07	23.75	1	2.52	1	5.04	23.94	23.75	23.65	401.49	399.54	11.426	11.992	28.07	29.46	500.0	1800	119	73.31	63	-0.185	1.0	-0.22	2.74	1.00	0.00	0.16	111115
19	"10:20:43"	4514.0	0	10.4	0.0889	192	3.31	2.69	27.06	1	2.52	1	5.04	26.03	27.06	27.10	402.09	399.75	11.644	12.297	25.25	26.66	500.0	1801	120	73.31	63	-0.185	1.0	-0.22	2.74	1.00	0.00	0.16	111115
"10:23:58 6D39"
20	"10:26:44"	4876.0	0	8.68	0.0722	190	2.07	2.08	24.06	1	2.52	1	5.04	24.31	24.06	23.87	400.70	398.80	12.260	12.670	29.44	30.42	499.9	1800	104	73.28	63	-0.185	0.7	-0.22	2.74	1.00	0.00	0.16	111115
21	"10:28:48"	5000.0	0	10.2	0.081	182	2.6	2.33	25.43	1	2.52	1	5.04	25.59	25.43	25.39	403.24	401.00	12.264	12.778	27.29	28.44	499.9	1800	81	73.28	63	-0.185	0.7	-0.22	2.74	1.00	0.00	0.16	111115
"10:32:35 4D51"
22	"10:34:57"	5369.0	0	28.7	0.315	231	8.51	2.05	24.03	1	2.52	1	5.04	24.31	24.03	23.89	405.05	398.63	11.332	13.014	27.23	31.27	499.9	1800	275	73.31	63	-0.185	0.7	-0.22	2.74	1.00	0.00	0.16	111115
23	"10:36:17"	5449.0	0	30.4	0.307	219	8.42	2.08	24.04	1	2.52	1	5.04	24.33	24.04	23.89	406.85	400.10	10.969	12.632	26.32	30.30	499.9	1801	295	73.31	63	-0.185	0.7	-0.22	2.74	1.00	0.00	0.16	111115
24	"10:39:09"	5621.0	0	20	0.151	169	4.42	2.15	24.02	1	2.52	1	5.04	24.35	24.02	23.85	403.24	398.89	10.723	11.597	25.70	27.79	499.9	1799	114	73.3	63	-0.185	1.0	-0.22	2.74	1.00	0.00	0.16	111115
25	"10:40:18"	5690.0	0	21.3	0.143	144	4.21	2.16	24.06	1	2.52	1	5.04	24.39	24.06	23.88	404.90	400.30	10.752	11.584	25.70	27.69	499.8	1801	253	73.3	63	-0.185	0.7	-0.22	2.74	1.00	0.00	0.16	111115
"10:43:01 2B194"
"10:43:51 2D194"
26	"10:44:58"	5970.5	0	12.8	0.0798	128	2.41	2.19	24.16	1	2.52	1	5.04	24.48	24.16	24.08	402.98	400.24	10.889	11.366	25.89	27.02	499.9	1801	121	73.31	63	-0.185	0.7	-0.22	2.74	1.00	0.00	0.16	111115
27	"10:46:15"	6047.5	0	13	0.0814	129	2.45	2.18	24.14	1	2.52	1	5.04	24.56	24.14	24.06	403.28	400.49	11.015	11.499	26.06	27.21	499.9	1800	119	73.3	63	-0.185	0.7	-0.22	2.74	1.00	0.00	0.16	111115
"10:48:27 Flow: Fixed -> 500 umol/s"
"10:48:56 Flow: Fixed -> 500 umol/s"
"10:49:06 2A164"
28	"10:52:16"	6407.5	0	9.09	0.0786	194	3	2.76	27.15	1	2.52	1	5.04	26.29	27.15	26.99	402.31	400.26	11.072	11.665	23.64	24.91	499.8	1800	108	73.3	65	-0.165	0.7	-0.22	2.74	1.00	0.00	0.16	111115
29	"10:54:25"	6536.5	0	6.56	0.0868	261	2.65	2.21	24.38	1	2.52	1	5.04	24.82	24.38	24.23	401.70	400.18	11.057	11.580	25.76	26.98	500.0	1801	111	73.29	65	-0.165	1.0	-0.22	2.74	1.00	0.00	0.16	111115
"10:57:39 Lamp: ParIn ->  1800 uml"
"10:57:39 CO2 Mixer: CO2S -> 400 uml"
"10:57:39 Coolers: Tleaf -> 27.00 C"
"10:57:39 Flow: Fixed -> 500 umol/s"
"10:57:48 3C146"
"10:59:43 Flow: Fixed -> 500 umol/s"
30	"11:03:25"	7076.0	0	17.6	0.109	123	3.37	2.25	24.46	1	2.52	1	5.04	24.86	24.46	24.24	403.68	399.89	10.632	11.298	24.72	26.26	499.9	1800	818	73.29	63.7	-0.179	1.0	-0.22	2.74	1.00	0.00	0.16	111115
31	"11:04:28"	7139.0	0	18.1	0.109	115	3.37	2.26	24.53	1	2.52	1	5.04	24.97	24.53	24.26	403.62	399.73	10.709	11.375	24.73	26.26	499.8	1800	824	73.29	63.7	-0.179	0.7	-0.22	2.74	1.00	0.00	0.16	111115
"11:07:27 5C218"
32	"11:10:16"	7487.0	0	15.2	0.162	231	4.75	2.16	24.23	1	2.52	1	5.04	25.17	24.23	24.00	403.72	400.29	11.077	12.016	25.27	27.42	499.9	1800	424	73.27	63.7	-0.179	0.7	-0.22	2.74	1.00	0.00	0.16	111115
33	"11:11:08"	7540.0	0	19.2	0.129	140	4.64	2.63	26.68	1	2.52	1	5.04	26.25	26.68	26.58	404.08	399.87	11.150	12.066	23.86	25.82	499.9	1800	447	73.27	63.7	-0.179	0.7	-0.22	2.74	1.00	0.00	0.16	111115
"11:14:37 Flow: Fixed -> 500 umol/s"
"11:14:51 1B684"
34	"11:17:51"	7942.0	0	3.37	0.0673	300	2.06	2.21	24.50	1	2.52	1	5.04	25.00	24.50	24.25	399.64	398.80	11.496	11.904	26.49	27.43	499.8	1800	343	73.28	65.6	-0.119	0.7	-0.22	2.74	1.00	0.00	0.16	111115
35	"11:19:25"	8036.5	0	4.12	0.0599	271	1.84	2.21	24.49	1	2.52	1	5.04	24.98	24.49	24.24	399.67	398.70	11.526	11.890	26.59	27.43	499.9	1799	345	73.27	65.6	-0.119	1.0	-0.22	2.74	1.00	0.00	0.16	111115
"11:22:08 5A186"
36	"11:24:30"	8341.0	0	5.82	0.0623	232	1.91	2.21	24.52	1	2.52	1	5.04	25.07	24.52	24.26	399.79	398.47	11.633	12.010	26.69	27.55	499.8	1799	547	73.25	65.6	-0.119	0.7	-0.22	2.74	1.00	0.00	0.16	111115
37	"11:25:17"	8389.0	0	6.17	0.0633	226	2.14	2.44	25.73	1	2.52	1	5.04	26.24	25.73	25.57	402.25	400.84	11.624	12.047	24.88	25.79	499.8	1800	551	73.25	65.6	-0.119	0.7	-0.22	2.74	1.00	0.00	0.16	111115
"11:28:07 4C630"
38	"11:30:11"	8683.0	0	3.27	0.0165	68.6	0.522	2.26	24.75	1	2.52	1	5.04	25.41	24.75	24.45	400.00	399.31	11.752	11.855	26.42	26.66	499.8	1799	146	73.26	65.6	-0.119	0.7	-0.22	2.74	1.00	0.00	0.16	111115
39	"11:31:21"	8752.5	0	4.38	0.0199	34.3	0.637	2.29	24.89	1	2.52	1	5.04	25.74	24.89	24.60	400.12	399.19	11.752	11.878	25.91	26.19	499.8	1800	146	73.26	65.6	-0.119	0.7	-0.22	2.74	1.00	0.00	0.16	111115
"11:34:06 4B182"
"11:40:49 4B201"
"11:43:06 Flow: Fixed -> 500 umol/s"
"11:43:41 5D265"
40	"11:45:39"	9610.5	0	15.2	0.283	293	8.39	2.23	25.19	1	2.52	1	5.04	26.19	25.19	24.94	403.67	399.95	11.837	13.492	25.41	28.96	499.9	1800	1061	73.24	67.1	-0.0435	0.7	-0.22	2.74	1.00	0.00	0.16	111115
41	"11:46:08"	9639.0	0	16.7	0.281	283	8.36	2.24	25.23	1	2.52	1	5.04	26.15	25.23	25.02	403.75	399.74	11.832	13.482	25.46	29.01	499.8	1800	1072	73.24	67.1	-0.0435	1.0	-0.22	2.74	1.00	0.00	0.16	111115
"11:50:02 5B06"
42	"11:52:50"	10041.5	0	10	0.107	232	3.35	2.27	25.26	1	2.52	1	5.04	26.10	25.26	25.03	402.94	400.67	12.471	13.131	26.90	28.33	499.9	1800	934	73.24	67.1	-0.0435	0.7	-0.22	2.74	1.00	0.00	0.16	111115
43	"11:53:28"	10079.0	0	11.7	0.0959	185	3.5	2.64	27.13	1	2.52	1	5.04	26.95	27.13	26.87	403.03	400.41	12.551	13.241	25.76	27.17	499.9	1800	941	73.24	67.1	-0.0435	0.7	-0.22	2.74	1.00	0.00	0.16	111115
"11:56:29 6B03"
44	"11:58:26"	10377.5	0	11.5	0.149	257	4.49	2.21	25.23	1	2.52	1	5.04	26.07	25.23	25.01	402.92	400.27	12.906	13.793	27.88	29.80	499.9	1799	982	73.22	67.1	-0.0435	1.0	-0.22	2.74	1.00	0.00	0.16	111115
45	"11:59:21"	10433.0	0	10.9	0.148	263	4.54	2.24	25.40	1	2.52	1	5.04	26.31	25.40	25.16	402.80	400.26	12.930	13.825	27.54	29.45	499.9	1799	973	73.22	67.1	-0.0435	0.7	-0.22	2.74	1.00	0.00	0.16	111115
"12:04:03 Lamp: ParIn ->  1800 uml"
"12:04:03 CO2 Mixer: CO2S -> 400 uml"
"12:04:03 Coolers: Tleaf -> 27.00 C"
"12:04:03 Flow: Fixed -> 500 umol/s"
"12:05:05 1C46"
46	"12:09:59"	11070.0	0	2.88	0.0151	80.7	0.511	2.41	25.82	1	2.52	1	5.04	26.33	25.82	25.74	399.65	399.03	12.590	12.691	26.80	27.02	499.9	1800	1069	73.24	67.1	-0.0435	1.0	-0.22	2.74	1.00	0.00	0.16	111115
47	"12:11:32"	11163.0	0	2.16	0.017	176	0.652	2.74	27.32	1	2.52	1	5.04	26.94	27.32	27.09	399.59	399.10	12.262	12.391	25.17	25.44	499.8	1799	1084	73.23	67.1	-0.0435	1.0	-0.22	2.74	1.00	0.00	0.16	111115
"12:13:35 1A229"
48	"12:16:31"	11462.5	0	1.86	0.0332	291	1.08	2.33	25.19	1	2.52	1	5.04	26.09	25.19	25.01	399.65	399.19	11.818	12.032	25.51	25.97	499.8	1801	1126	73.22	67.1	-0.0435	1.0	-0.22	2.74	1.00	0.00	0.16	111115
49	"12:17:00"	11491.5	0	2.7	0.0353	258	1.27	2.57	26.39	1	2.52	1	5.04	27.04	26.39	26.27	400.26	399.62	11.817	12.068	24.12	24.64	499.8	1800	1129	73.22	67.1	-0.0435	0.7	-0.22	2.74	1.00	0.00	0.16	111115
"12:20:06 3B834"
50	"12:22:45"	11837.5	0	10.3	0.186	291	6.01	2.39	25.77	1	2.52	1	5.04	26.88	25.77	25.63	402.75	400.22	11.666	12.854	24.04	26.48	499.8	1799	932	73.21	67.1	-0.0435	0.7	-0.22	2.74	1.00	0.00	0.16	111115
51	"12:23:18"	11870.0	0	11.1	0.195	288	6.02	2.28	25.22	1	2.52	1	5.04	26.14	25.22	25.03	401.91	399.22	11.634	12.822	25.03	27.59	499.8	1799	936	73.21	67.1	-0.0435	0.7	-0.22	2.74	1.00	0.00	0.16	111115
52	"12:28:34"	12186.5	0	7.49	0.1	260	3.27	2.37	25.39	1	2.52	1	5.04	26.40	25.39	25.20	400.88	399.12	11.468	12.115	24.30	25.67	499.8	1800	981	73.21	67.1	-0.0435	0.7	-0.22	2.74	1.00	0.00	0.16	111115
53	"12:28:52"	12204.0	0	8.17	0.104	254	3.4	2.37	25.40	1	2.52	1	5.04	26.38	25.40	25.21	400.96	399.05	11.458	12.131	24.31	25.74	499.9	1800	976	73.21	67.1	-0.0435	1.0	-0.22	2.74	1.00	0.00	0.16	111115
"12:31:09 4A111"
54	"12:33:30"	12482.5	0	6.51	0.0351	87.9	1.2	2.44	25.55	1	2.52	1	5.04	26.63	25.55	25.35	401.23	399.83	11.282	11.519	23.58	24.08	499.8	1799	1302	73.2	67.1	-0.0435	0.7	-0.22	2.74	1.00	0.00	0.16	111115
55	"12:34:27"	12539.5	0	7.74	0.0428	95.1	1.5	2.51	25.91	1	2.52	1	5.04	27.27	25.91	25.76	402.00	400.33	11.257	11.553	22.66	23.26	499.9	1800	1308	73.2	67.1	-0.0435	0.7	-0.22	2.74	1.00	0.00	0.16	111115
"12:37:18 2D211"
56	"12:39:23"	12835.0	0	7.21	0.0313	17	1.05	2.41	25.50	1	2.52	1	5.04	26.32	25.50	25.23	400.80	399.28	11.644	11.852	24.78	25.23	499.8	1799	981	73.2	67.1	-0.0435	1.0	-0.22	2.74	1.00	0.00	0.16	111115
57	"12:40:10"	12882.5	0	5.67	0.0459	185	1.53	2.39	25.49	1	2.52	1	5.04	26.83	25.49	25.29	401.58	400.32	11.724	12.026	24.21	24.84	499.8	1800	984	73.2	67.1	-0.0435	0.7	-0.22	2.74	1.00	0.00	0.16	111115
