"OPEN 6.2.4"
"Tue Jul 10 2018 09:11:04"
<open><version>"6.2.4"</version></open>
<open><configfile>"/User/Configs/UserPrefs/2x3 LED.xml"</configfile></open>
<open><light><source>"6400-02 or -02B LED Source"</source><par_in>1<sensor>"SI-3781"<cal>-0.93<actinity>1.00</actinity><transm>1.00</transm></cal></sensor><transm>1</transm></par_in><par_out>1<sensor>"Q49599"<cal>7.26</cal></sensor></par_out></light></open>
<open><comps><file>"/User/Configs/Comps/StdComps_6.2"<header>""</header><extras></extras></file><energybal>no<f_parIn>1</f_parIn><f_parOut>0</f_parOut><alphaK>0.16</alphaK></energybal><bc_total>5.036<stomatal_ratio>1</stomatal_ratio><bc_oneside>2.518<type>2</type><table>"/Sys/Lib/StdBLCTable"</table><area>1</area><slope>-0.219565</slope><offset>2.73739</offset><fan>5</fan></bc_oneside></bc_total></comps></open>
<open><prompts><onlog>off</onlog><items>"Default (none)"</items></prompts></open>
<open><constants><oxygen>21 %</oxygen><bb_vapor>1.5</bb_vapor><bb_oxy>0.9</bb_oxy></constants></open>
<open><stability><items>"Std Stability"<items[1]><id>-2</id><size>15</size><pcv><onoff>0</onoff><value>1</value></pcv><std><onoff>0</onoff><value>1</value></std><slp><onoff>1</onoff><value>1</value></slp></items[1]><items[2]><id>-5</id><size>15</size><pcv><onoff>0</onoff><value>1</value></pcv><std><onoff>0</onoff><value>1</value></std><slp><onoff>1</onoff><value>1</value></slp></items[2]><items[3]><id>-7</id><size>15</size><pcv><onoff>0</onoff><value>1</value></pcv><std><onoff>0</onoff><value>1</value></std><slp><onoff>1</onoff><value>1</value></slp></items[3]></items></stability></open>
<open><log><format>"StdLogFmt_6.0"<items>{ -35 -21 -36 -76 30 23 36 21 25 221 -33 111 -34 11 -9 -10 -8 -1 -2 -4 -5 -14 -15 -7 -12 -13 -11 -65 -66 -72 -18 -19 -77 -78 -79 -23  }<hdr>{  }</hdr></items></format><options><beep>on</beep><hdr>normal</hdr><rem>normal</rem><stab>no</stab><stats>no<mean>no</mean><file>no</file><period>15</period></stats><excel>yes</excel><controls>yes</controls><comm>no</comm></options><datafile>"/User/07102018_maxfield"</datafile><button><action>"Normal Log"<code>" LogOneObsManual "</code></action></button><autoprog>"/User/Configs/AutoProgs/AutoLog2"<active>no</active></autoprog></log></open>
<open><a2d><avgtime>4.0 secs</avgtime><userchans><ch20>"Off"</ch20><ch21>"Off"</ch21><ch22>"Off"</ch22><ch23>"Off"</ch23></userchans></a2d></open>
<open><matching><type>0</type><disp>'a'</disp><settings><CO2Limit>10.0</CO2Limit><H2OLimit>1.0</H2OLimit><MaxAutoTime>60</MaxAutoTime></settings></matching></open>
<li6400><factory><unit>"PSC-3840"</unit><serviced>"1 Jul 2013"</serviced><fuseaware>0</fuseaware><co2mixer>yes</co2mixer><co2><coeffs>{ 0 0.213319 2.22998e-05 2.13159e-08 -3.88664e-12 3.69888e-16  }</coeffs><dvdt>-4.7</dvdt><xs>{ 0.0009 -0.0002  }</xs></co2><h2o><coeffs>{ 0 0.00572751 2.23485e-06 -7.37877e-12  }</coeffs><dvdt>-1.7</dvdt><xs>{ 0.0009 -0.0028  }</xs></h2o><flow>{ 0 0.3568  }</flow><press>{ 88.437 0.00551  }</press></factory></li6400>
<li6400><user><flow_zero>-507.8</flow_zero><irga_zero><co2>273.4 -39.1<at>24.2474</at></co2><h2o>39.1 117.2<at>24.2474</at></h2o></irga_zero><irga_span><co2>{ 0.99237 0.992833  }</co2><h2o>{ 1.00426 0.996799  }</h2o></irga_span><irga_match><co2>{ -0.22326 67.1475  }</co2><h2o>{ -0.00417798 -0.0435068  }</h2o></irga_match><co2_mixer><pump_mv>4500</pump_mv><ppm>{ 2804.64 1226.39 450.755 266.065 116.855 66.1625 42.6399 37.3827  }</ppm><mv>{ 5000 3000 1500 1000 500 300 200 100  }</mv></co2_mixer><parin_offset>0</parin_offset><led_cal><unit>"SI-3781"</unit><mv>{ 10 25 50 100 1000 2000 3000 4000 5000  }</mv><qntm>{ 4.69642 15.4417 35.4805 82.2863 972.665 1922.29 2824.32 3690.14 4518.2  }</qntm></led_cal><lcf_cal><unit>"unknown"</unit><red><mv>{ 50 100 500 1000 1500 5000  }</mv><qntm>{ 50 100 500 1000 2000 5000  }</qntm></red><blue><mv>{ 100 200 500 1000 2000 5000  }</mv><qntm>{ 10 20 50 100 200 500  }</qntm></blue></lcf_cal></user></li6400>
"09:11:13 1D"
$STARTOFDATA$
"Obs"	"HHMMSS"	"FTime"	"EBal?"	"Photo"	"Cond"	"Ci"	"Trmmol"	"VpdL"	"CTleaf"	"Area"	"BLC_1"	"StmRat"	"BLCond"	"Tair"	"Tleaf"	"TBlk"	"CO2R"	"CO2S"	"H2OR"	"H2OS"	"RH_R"	"RH_S"	"Flow"	"PARi"	"PARo"	"Press"	"CsMch"	"HsMch"	"StableF"	"BLCslope"	"BLCoffst"	"f_parin"	"f_parout"	"alphaK"	"Status"
"09:14:30 Flow: Fixed -> 500 umol/s"
"09:15:43 Flow: Fixed -> 500 umol/s"
"09:17:16 1D07"
1	"09:22:47"	732.5	0	5.49	0.0447	183	1.73	2.77	25.07	1	2.52	1	5.04	25.15	25.07	24.93	400.77	399.53	5.488	5.831	12.46	13.24	499.9	1801	1590	72.85	65.2	-0.0821	0.7	-0.22	2.74	1.00	0.00	0.16	111115
2	"09:23:11"	757.5	0	5.35	0.0429	180	1.67	2.78	25.17	1	2.52	1	5.04	25.12	25.17	25.02	400.63	399.43	5.536	5.868	12.59	13.35	499.9	1800	1591	72.85	65.2	-0.0821	1.0	-0.22	2.74	1.00	0.00	0.16	111115
"09:25:58 3A637"
3	"09:28:31"	1077.0	0	6.57	0.0501	169	2.02	2.89	25.98	1	2.52	1	5.04	25.40	25.98	25.83	400.84	399.37	6.141	6.543	13.74	14.63	499.8	1801	378	72.84	65.2	-0.0821	0.7	-0.22	2.74	1.00	0.00	0.16	111115
4	"09:28:56"	1102.5	0	6.24	0.0537	194	1.98	2.65	24.73	1	2.52	1	5.04	24.90	24.73	24.66	400.87	399.47	6.179	6.572	14.24	15.14	499.9	1800	379	72.84	65.2	-0.0821	0.7	-0.22	2.74	1.00	0.00	0.16	111115
"09:31:54 6C112"
5	"09:34:45"	1451.5	0	8.8	0.0754	193	2.55	2.44	24.03	1	2.52	1	5.04	24.38	24.03	23.85	400.56	398.60	7.230	7.736	17.18	18.38	499.9	1800	122	72.81	65.2	-0.0821	1.0	-0.22	2.74	1.00	0.00	0.16	111115
6	"09:36:03"	1530.0	0	8.91	0.0687	173	2.31	2.42	24.04	1	2.52	1	5.04	24.38	24.04	23.85	400.35	398.38	7.488	7.947	17.80	18.89	499.9	1800	124	72.81	65.2	-0.0821	0.7	-0.22	2.74	1.00	0.00	0.16	111115
"09:38:44 6A164"
7	"09:41:12"	1839.0	0	3.59	0.0253	155	0.847	2.39	24.23	1	2.52	1	5.04	24.37	24.23	24.05	399.62	398.83	8.681	8.849	20.63	21.03	499.9	1800	106	72.81	65.2	-0.0821	1.0	-0.22	2.74	1.00	0.00	0.16	111115
"09:43:31 Lamp: ParIn ->  1800 uml"
"09:43:31 CO2 Mixer: CO2S -> 400 uml"
"09:43:31 Coolers: Tleaf -> 27.00 C"
"09:43:31 Flow: Fixed -> 500 umol/s"
"09:45:28 Flow: Fixed -> 500 umol/s"
"09:47:55 3B875"
"09:48:44 3D875"
8	"09:50:35"	2401.5	0	4.7	0.0301	133	1.12	2.66	26.17	1	2.52	1	5.04	25.77	26.17	26.15	400.84	399.81	10.116	10.338	22.14	22.62	499.9	1798	100	72.83	65.2	-0.125	0.7	-0.22	2.74	1.00	0.00	0.16	111115
9	"09:51:20"	2446.5	0	4.16	0.0317	174	0.994	2.24	23.99	1	2.52	1	5.04	24.40	23.99	23.85	399.92	399.00	10.222	10.418	24.27	24.74	499.8	1799	100	72.83	65.2	-0.125	1.0	-0.22	2.74	1.00	0.00	0.16	111115
"09:54:19 2B190"
10	"09:56:43"	2769.0	0	3.14	0.0302	216	0.925	2.18	24.05	1	2.52	1	5.04	24.23	24.05	23.84	399.31	398.60	11.084	11.267	26.58	27.02	499.9	1800	111	72.83	65.2	-0.125	1.0	-0.22	2.74	1.00	0.00	0.16	111115
11	"09:57:57"	2843.5	0	3.54	0.0295	191	0.897	2.17	24.05	1	2.52	1	5.04	24.21	24.05	23.85	399.18	398.40	11.312	11.490	27.17	27.59	499.9	1800	101	72.82	65.2	-0.125	0.7	-0.22	2.74	1.00	0.00	0.16	111115
"10:00:57 6D50"
12	"10:03:25"	3171.5	0	7.71	0.0893	244	2.63	2.12	24.17	1	2.52	1	5.04	24.55	24.17	24.06	401.08	399.33	11.930	12.449	28.05	29.27	499.9	1799	118	72.79	65.2	-0.125	0.7	-0.22	2.74	1.00	0.00	0.16	111115
13	"10:03:45"	3191.0	0	8.35	0.0876	230	2.57	2.12	24.16	1	2.52	1	5.04	24.48	24.16	24.04	401.14	399.27	11.960	12.468	28.23	29.43	499.8	1799	120	72.79	65.2	-0.125	1.0	-0.22	2.74	1.00	0.00	0.16	111115
"10:07:01 4D56"
14	"10:10:11"	3577.5	0	5.57	0.0342	124	1.01	2.11	24.18	1	2.52	1	5.04	24.62	24.18	24.08	399.67	398.47	12.342	12.542	28.91	29.38	499.9	1800	671	72.81	65.2	-0.125	0.7	-0.22	2.74	1.00	0.00	0.16	111115
15	"10:10:56"	3623.0	0	7.34	0.0359	59.2	1.26	2.48	26.15	1	2.52	1	5.04	25.97	26.15	26.13	402.38	400.81	12.397	12.645	26.79	27.33	499.8	1800	698	72.81	65.2	-0.125	0.7	-0.22	2.74	1.00	0.00	0.16	111115
"10:14:14 2C298"
16	"10:17:49"	4036.0	0	2.64	0.0108	-1.16	0.311	2.05	24.15	1	2.52	1	5.04	25.50	24.15	24.07	402.23	401.68	13.288	13.350	29.53	29.67	499.9	1799	110	72.81	65.2	-0.125	0.7	-0.22	2.74	1.00	0.00	0.16	111115
17	"10:17:55"	4042.5	0	1.37	0.0102	171	0.292	2.04	24.07	1	2.52	1	5.04	25.16	24.07	23.90	401.07	400.77	13.294	13.352	30.15	30.28	499.8	1801	110	72.81	65.2	-0.125	0.7	-0.22	2.74	1.00	0.00	0.16	111115
18	"10:19:20"	4126.5	0	1.75	0.00987	103	0.287	2.06	24.27	1	2.52	1	5.04	25.09	24.27	24.10	399.87	399.50	13.423	13.479	30.57	30.70	499.9	1801	110	72.8	65.2	-0.125	0.7	-0.22	2.74	1.00	0.00	0.16	111115
"10:21:26 Flow: Fixed -> 500 umol/s"
"10:22:11 2A161"
19	"10:24:09"	4414.5	0	7.04	0.0874	250	3.07	2.52	26.91	1	2.52	1	5.04	26.44	26.91	26.79	401.05	399.39	13.662	14.268	28.72	29.99	499.9	1799	90	72.8	66.9	-0.115	0.7	-0.22	2.74	1.00	0.00	0.16	111115
20	"10:24:52"	4458.0	0	5.83	0.0962	285	2.77	2.07	24.63	1	2.52	1	5.04	25.15	24.63	24.47	400.55	399.16	13.684	14.230	31.05	32.29	499.8	1801	92	72.8	66.9	-0.115	0.7	-0.22	2.74	1.00	0.00	0.16	111115
"10:26:58 3C150"
21	"10:28:59"	4704.5	0	12.9	0.287	309	7.49	1.95	24.16	1	2.52	1	5.04	24.65	24.16	24.04	403.15	399.96	13.253	14.729	30.99	34.44	499.8	1801	94	72.8	66.9	-0.115	1.0	-0.22	2.74	1.00	0.00	0.16	111115
22	"10:30:09"	4775.0	0	13.1	0.282	306	7.55	2	24.39	1	2.52	1	5.04	24.80	24.39	24.27	403.07	399.85	13.126	14.614	30.42	33.87	499.9	1799	97	72.8	66.9	-0.115	0.7	-0.22	2.74	1.00	0.00	0.16	111115
"10:32:44 5C217"
23	"10:36:55"	5181.5	0	5.09	0.0845	285	2.5	2.13	24.55	1	2.52	1	5.04	25.21	24.55	24.44	400.77	399.55	12.830	13.323	29.01	30.12	499.9	1799	717	72.79	66.9	-0.115	1.0	-0.22	2.74	1.00	0.00	0.16	111115
24	"10:37:33"	5219.0	0	5.66	0.0762	261	2.7	2.54	26.62	1	2.52	1	5.04	26.46	26.62	26.55	401.20	399.85	12.684	13.217	26.64	27.75	499.9	1800	783	72.79	66.9	-0.115	0.7	-0.22	2.74	1.00	0.00	0.16	111115
"10:40:54 1B648"
25	"10:43:37"	5584.0	0	1.92	0.0112	112	0.367	2.31	24.88	1	2.52	1	5.04	25.62	24.88	24.63	399.50	399.09	11.501	11.573	25.37	25.53	499.8	1800	792	72.79	66.9	-0.115	1.0	-0.22	2.74	1.00	0.00	0.16	111115
26	"10:44:37"	5643.5	0	2.47	0.0128	79.2	0.412	2.29	24.68	1	2.52	1	5.04	25.87	24.68	24.48	401.45	400.92	11.343	11.425	24.65	24.83	499.9	1800	834	72.79	66.9	-0.115	0.7	-0.22	2.74	1.00	0.00	0.16	111115
"10:47:03 Flow: Fixed -> 500 umol/s"
"10:47:37 5A193"
27	"10:50:26"	5991.5	0	9.42	0.223	312	6.59	2.18	24.65	1	2.52	1	5.04	25.09	24.65	24.46	401.44	399.03	11.533	12.835	26.25	29.21	499.9	1800	335	72.77	67	-0.0413	1.0	-0.22	2.74	1.00	0.00	0.16	111115
28	"10:51:26"	6051.5	0	9.95	0.219	306	6.48	2.19	24.73	1	2.52	1	5.04	25.19	24.73	24.46	401.41	398.90	11.640	12.920	26.33	29.23	499.8	1799	344	72.77	67	-0.0413	0.7	-0.22	2.74	1.00	0.00	0.16	111115
"10:55:16 Lamp: ParIn ->  1800 uml"
"10:55:16 CO2 Mixer: CO2S -> 400 uml"
"10:55:16 Coolers: Tleaf -> 27.00 C"
"10:55:16 Flow: Fixed -> 500 umol/s"
"10:57:48 4C36"
29	"11:00:36"	6601.0	0	7.62	0.0335	22.7	1.22	2.6	26.17	1	2.52	1	5.04	26.79	26.17	25.97	402.85	401.23	10.881	11.123	22.40	22.90	499.8	1799	419	72.78	67	-0.0413	0.7	-0.22	2.74	1.00	0.00	0.16	111115
30	"11:01:10"	6636.0	0	7.47	0.0346	39.3	1.18	2.44	25.32	1	2.52	1	5.04	25.99	25.32	25.05	400.34	398.75	10.820	11.054	23.35	23.85	499.8	1800	381	72.77	67	-0.0413	0.7	-0.22	2.74	1.00	0.00	0.16	111115
"11:03:26 4B182"
"11:08:46 4B198"
"11:11:54 4B190"
31	"11:17:50"	7636.5	0	10.8	0.0504	42.5	1.67	2.37	25.28	1	2.52	1	5.04	26.13	25.28	25.20	403.66	401.35	11.581	11.911	24.79	25.49	499.9	1800	126	72.76	67	-0.0413	0.3	-0.22	2.74	1.00	0.00	0.16	111115
"11:23:54 5B278"
32	"11:26:06"	8132.5	0	16.6	0.0963	105	3.68	2.74	27.20	1	2.52	1	5.04	26.94	27.20	27.02	404.05	400.44	11.359	12.086	23.16	24.65	499.8	1799	1891	72.74	67	-0.0413	0.7	-0.22	2.74	1.00	0.00	0.16	111115
33	"11:26:40"	8166.5	0	13.8	0.107	175	3.45	2.32	25.05	1	2.52	1	5.04	26.23	25.05	24.89	403.67	400.63	11.285	11.967	24.00	25.45	499.9	1801	1899	72.74	67	-0.0413	0.7	-0.22	2.74	1.00	0.00	0.16	111115
"11:28:25 Flow: Fixed -> 500 umol/s"
"11:30:33 5B20"
34	"11:33:02"	8547.5	0	2.12	0.0174	189	0.581	2.37	25.24	1	2.52	1	5.04	26.16	25.24	25.01	400.67	400.20	11.672	11.787	24.92	25.17	499.8	1799	120	72.73	68.1	0.0143	1.0	-0.22	2.74	1.00	0.00	0.16	111115
35	"11:33:31"	8577.0	0	2.03	0.0176	198	0.654	2.63	26.58	1	2.52	1	5.04	27.10	26.58	26.43	400.78	400.32	11.719	11.849	23.67	23.93	499.8	1799	118	72.73	68.1	0.0143	0.7	-0.22	2.74	1.00	0.00	0.16	111115
"11:35:41 6B22"
36	"11:38:44"	8890.5	0	7.72	0.081	229	2.62	2.32	25.27	1	2.52	1	5.04	26.09	25.27	25.01	401.25	399.50	12.069	12.586	25.88	26.98	499.8	1798	737	72.71	68.1	0.0143	1.0	-0.22	2.74	1.00	0.00	0.16	111115
37	"11:39:45"	8951.0	0	8.44	0.0918	233	3	2.35	25.49	1	2.52	1	5.04	26.31	25.49	25.23	401.15	399.22	12.055	12.648	25.51	26.76	499.8	1801	745	72.71	68.1	0.0143	0.7	-0.22	2.74	1.00	0.00	0.16	111115
"11:43:17 1C67"
38	"11:45:35"	9301.5	0	3.97	0.035	198	1.35	2.74	27.08	1	2.52	1	5.04	26.22	27.08	26.87	399.44	398.54	11.491	11.759	24.45	25.02	499.8	1801	580	72.74	68.1	0.0143	0.7	-0.22	2.74	1.00	0.00	0.16	111115
39	"11:47:01"	9388.0	0	3.14	0.0264	188	1.06	2.85	27.52	1	2.52	1	5.04	26.67	27.52	27.26	399.47	398.76	11.268	11.478	23.36	23.79	499.8	1800	484	72.74	68.1	0.0143	1.0	-0.22	2.74	1.00	0.00	0.16	111115
"11:49:13 Flow: Fixed -> 500 umol/s"
"11:50:34 Lamp: ParIn ->  1800 uml"
"11:50:34 CO2 Mixer: CO2S -> 400 uml"
"11:50:34 Coolers: Tleaf -> 27.00 C"
"11:50:34 Flow: Fixed -> 500 umol/s"
"11:50:43 1A250"
40	"11:54:15"	9820.5	0	7.65	0.171	306	6.02	2.57	26.48	1	2.52	1	5.04	27.17	26.48	26.21	402.25	400.23	11.210	12.399	22.55	24.94	499.9	1800	876	72.73	67.6	0.00637	0.7	-0.22	2.74	1.00	0.00	0.16	111115
41	"11:54:48"	9854.0	0	9.89	0.156	275	5.9	2.74	27.30	1	2.52	1	5.04	27.22	27.30	26.99	402.28	399.83	11.203	12.368	22.47	24.81	499.8	1801	882	72.73	67.6	0.00637	0.7	-0.22	2.74	1.00	0.00	0.16	111115
"11:57:50 3B609"
42	"11:59:57"	10163.0	0	7.06	0.034	52	1.3	2.71	26.88	1	2.52	1	5.04	27.15	26.88	26.77	401.69	400.17	11.297	11.554	22.76	23.28	499.9	1799	1025	72.73	67.6	0.00637	0.7	-0.22	2.74	1.00	0.00	0.16	111115
43	"12:00:29"	10195.0	0	5.95	0.0381	134	1.28	2.39	25.26	1	2.52	1	5.04	26.51	25.26	25.13	401.54	400.25	11.291	11.544	23.61	24.14	499.8	1799	835	72.72	67.6	0.00637	0.7	-0.22	2.74	1.00	0.00	0.16	111115
"12:03:10 4A65"
44	"12:04:46"	10451.5	0	18.9	0.157	187	5.11	2.37	25.45	1	2.52	1	5.04	26.42	25.45	25.23	404.75	400.57	11.318	12.328	23.79	25.91	499.9	1800	513	72.72	67.6	0.00637	1.0	-0.22	2.74	1.00	0.00	0.16	111115
45	"12:05:38"	10504.0	0	17.3	0.164	211	5.22	2.32	25.18	1	2.52	1	5.04	26.74	25.18	25.05	405.18	401.29	11.245	12.277	23.20	25.33	499.8	1801	523	72.72	67.6	0.00637	1.0	-0.22	2.74	1.00	0.00	0.16	111115
"12:08:19 2d196"
46	"12:11:01"	10827.0	0	16.9	0.232	260	7.35	2.35	25.26	1	2.52	1	5.04	26.07	25.26	25.03	403.11	399.14	10.687	12.140	22.93	26.05	499.8	1801	371	72.72	67.6	0.00637	0.7	-0.22	2.74	1.00	0.00	0.16	111115
47	"12:12:55"	10941.0	0	16.6	0.195	239	7.38	2.77	27.28	1	2.52	1	5.04	26.67	27.28	27.01	403.31	399.41	10.450	11.908	21.65	24.68	499.8	1800	2017	72.72	67.6	0.00637	0.7	-0.22	2.74	1.00	0.00	0.16	111115
