"OPEN 6.2.4"
"Fri Jul 13 2018 09:22:46"
<open><version>"6.2.4"</version></open>
<open><configfile>"/User/Configs/UserPrefs/2x3 LED.xml"</configfile></open>
<open><light><source>"6400-02 or -02B LED Source"</source><par_in>1<sensor>"SI-3781"<cal>-0.93<actinity>1.00</actinity><transm>1.00</transm></cal></sensor><transm>1</transm></par_in><par_out>1<sensor>"Q49599"<cal>7.26</cal></sensor></par_out></light></open>
<open><comps><file>"/User/Configs/Comps/StdComps_6.2"<header>""</header><extras></extras></file><energybal>no<f_parIn>1</f_parIn><f_parOut>0</f_parOut><alphaK>0.16</alphaK></energybal><bc_total>5.036<stomatal_ratio>1</stomatal_ratio><bc_oneside>2.518<type>2</type><table>"/Sys/Lib/StdBLCTable"</table><area>1</area><slope>-0.219565</slope><offset>2.73739</offset><fan>5</fan></bc_oneside></bc_total></comps></open>
<open><prompts><onlog>off</onlog><items>"Default (none)"</items></prompts></open>
<open><constants><oxygen>21 %</oxygen><bb_vapor>1.5</bb_vapor><bb_oxy>0.9</bb_oxy></constants></open>
<open><stability><items>"Std Stability"<items[1]><id>-2</id><size>15</size><pcv><onoff>0</onoff><value>1</value></pcv><std><onoff>0</onoff><value>1</value></std><slp><onoff>1</onoff><value>1</value></slp></items[1]><items[2]><id>-5</id><size>15</size><pcv><onoff>0</onoff><value>1</value></pcv><std><onoff>0</onoff><value>1</value></std><slp><onoff>1</onoff><value>1</value></slp></items[2]><items[3]><id>-7</id><size>15</size><pcv><onoff>0</onoff><value>1</value></pcv><std><onoff>0</onoff><value>1</value></std><slp><onoff>1</onoff><value>1</value></slp></items[3]></items></stability></open>
<open><log><format>"StdLogFmt_6.0"<items>{ -35 -21 -36 -76 30 23 36 21 25 221 -33 111 -34 11 -9 -10 -8 -1 -2 -4 -5 -14 -15 -7 -12 -13 -11 -65 -66 -72 -18 -19 -77 -78 -79 -23  }<hdr>{  }</hdr></items></format><options><beep>on</beep><hdr>normal</hdr><rem>normal</rem><stab>no</stab><stats>no<mean>no</mean><file>no</file><period>15</period></stats><excel>yes</excel><controls>yes</controls><comm>no</comm></options><datafile>"/User/07132018_maxfield"</datafile><button><action>"Normal Log"<code>" LogOneObsManual "</code></action></button><autoprog>"/User/Configs/AutoProgs/AutoLog2"<active>no</active></autoprog></log></open>
<open><a2d><avgtime>4.0 secs</avgtime><userchans><ch20>"Off"</ch20><ch21>"Off"</ch21><ch22>"Off"</ch22><ch23>"Off"</ch23></userchans></a2d></open>
<open><matching><type>0</type><disp>'a'</disp><settings><CO2Limit>10.0</CO2Limit><H2OLimit>1.0</H2OLimit><MaxAutoTime>60</MaxAutoTime></settings></matching></open>
<li6400><factory><unit>"PSC-3840"</unit><serviced>"1 Jul 2013"</serviced><fuseaware>0</fuseaware><co2mixer>yes</co2mixer><co2><coeffs>{ 0 0.213319 2.22998e-05 2.13159e-08 -3.88664e-12 3.69888e-16  }</coeffs><dvdt>-4.7</dvdt><xs>{ 0.0009 -0.0002  }</xs></co2><h2o><coeffs>{ 0 0.00572751 2.23485e-06 -7.37877e-12  }</coeffs><dvdt>-1.7</dvdt><xs>{ 0.0009 -0.0028  }</xs></h2o><flow>{ 0 0.3568  }</flow><press>{ 88.437 0.00551  }</press></factory></li6400>
<li6400><user><flow_zero>-507.8</flow_zero><irga_zero><co2>273.4 -39.1<at>24.2474</at></co2><h2o>39.1 117.2<at>24.2474</at></h2o></irga_zero><irga_span><co2>{ 0.99237 0.992833  }</co2><h2o>{ 1.00426 0.996799  }</h2o></irga_span><irga_match><co2>{ -0.22326 65.1162  }</co2><h2o>{ -0.00417798 -0.0988995  }</h2o></irga_match><co2_mixer><pump_mv>4500</pump_mv><ppm>{ 2796.7 1222.86 449.31 265.423 116.53 66.0294 42.5454 37.3781  }</ppm><mv>{ 5000 3000 1500 1000 500 300 200 100  }</mv></co2_mixer><parin_offset>0</parin_offset><led_cal><unit>"SI-3781"</unit><mv>{ 10 25 50 100 1000 2000 3000 4000 5000  }</mv><qntm>{ 4.69642 15.4417 35.4805 82.2863 972.665 1922.29 2824.32 3690.14 4518.2  }</qntm></led_cal><lcf_cal><unit>"unknown"</unit><red><mv>{ 50 100 500 1000 1500 5000  }</mv><qntm>{ 50 100 500 1000 2000 5000  }</qntm></red><blue><mv>{ 100 200 500 1000 2000 5000  }</mv><qntm>{ 10 20 50 100 200 500  }</qntm></blue></lcf_cal></user></li6400>
"09:23:00 3B619"
$STARTOFDATA$
"Obs"	"HHMMSS"	"FTime"	"EBal?"	"Photo"	"Cond"	"Ci"	"Trmmol"	"VpdL"	"CTleaf"	"Area"	"BLC_1"	"StmRat"	"BLCond"	"Tair"	"Tleaf"	"TBlk"	"CO2R"	"CO2S"	"H2OR"	"H2OS"	"RH_R"	"RH_S"	"Flow"	"PARi"	"PARo"	"Press"	"CsMch"	"HsMch"	"StableF"	"BLCslope"	"BLCoffst"	"f_parin"	"f_parout"	"alphaK"	"Status"
1	"09:29:27"	423.5	0	1.97	0.0584	325	2.11	2.59	24.80	1	2.52	1	5.04	25.42	24.80	24.87	400.97	400.41	7.169	7.588	15.99	16.92	499.9	1800	1295	72.7	65.1	-0.0989	0.7	-0.22	2.74	1.00	0.00	0.16	111115
2	"09:29:56"	453.0	0	2.02	0.0575	323	1.93	2.41	23.84	1	2.52	1	5.04	24.00	23.84	23.70	400.18	399.62	7.265	7.648	17.63	18.56	500.0	1801	1300	72.7	65.1	-0.0989	0.7	-0.22	2.74	1.00	0.00	0.16	111115
"09:31:53 4A116"
3	"09:37:04"	881.0	0	5.8	0.113	297	3.97	2.54	25.25	1	2.52	1	5.04	25.39	25.25	25.32	401.68	400.20	8.718	9.505	19.48	21.24	499.9	1799	88	72.71	65.1	-0.0989	0.7	-0.22	2.74	1.00	0.00	0.16	111115
4	"09:37:56"	933.0	0	4.08	0.104	318	3.16	2.21	23.48	1	2.52	1	5.04	23.60	23.48	23.47	401.10	400.03	8.916	9.543	22.17	23.73	499.9	1801	88	72.71	65.1	-0.0989	1.0	-0.22	2.74	1.00	0.00	0.16	111115
"09:40:08 4C34"
5	"09:42:51"	1228.5	0	7.1	0.19	315	7.26	2.8	26.95	1	2.52	1	5.04	25.73	26.95	26.82	401.46	399.45	9.192	10.630	20.13	23.27	499.9	1799	427	72.71	65.1	-0.0989	1.0	-0.22	2.74	1.00	0.00	0.16	111115
6	"09:43:36"	1273.5	0	8	0.164	297	6.34	2.81	26.96	1	2.52	1	5.04	25.90	26.96	26.81	401.33	399.23	9.187	10.442	19.92	22.64	499.9	1799	418	72.71	65.1	-0.0989	1.0	-0.22	2.74	1.00	0.00	0.16	111115
"09:46:36 6D56"
7	"09:48:53"	1591.0	0	17	0.419	309	14.6	2.67	27.00	1	2.52	1	5.04	26.06	27.00	26.81	404.38	399.80	9.646	12.538	20.71	26.92	499.9	1799	112	72.69	65.1	-0.0989	1.0	-0.22	2.74	1.00	0.00	0.16	111115
8	"09:49:44"	1641.5	0	18.9	0.364	290	12.9	2.69	27.00	1	2.52	1	5.04	26.08	27.00	26.81	404.40	399.58	9.709	12.267	20.82	26.31	499.9	1800	112	72.69	65.1	-0.0989	1.0	-0.22	2.74	1.00	0.00	0.16	111115
"09:52:37 1C72"
9	"09:55:52"	2009.5	0	2.42	0.0387	282	1.21	2.22	23.86	1	2.52	1	5.04	23.98	23.86	23.65	400.09	399.51	10.009	10.248	24.33	24.91	499.9	1799	45	72.72	65.1	-0.0989	1.0	-0.22	2.74	1.00	0.00	0.16	111115
10	"09:58:46"	2184.0	0	2.59	0.0299	243	1.03	2.46	25.21	1	2.52	1	5.04	25.01	25.21	25.00	400.38	399.78	10.319	10.523	23.58	24.05	499.9	1801	45	72.72	65.1	-0.0989	1.0	-0.22	2.74	1.00	0.00	0.16	111115
"10:01:09 4B184"
"10:02:34 4B161"
11	"10:04:34"	2532.5	0	10	0.0885	197	3.39	2.75	27.10	1	2.52	1	5.04	25.86	27.10	26.97	401.55	399.27	11.026	11.697	23.96	25.42	499.9	1801	132	72.72	65.1	-0.0989	1.0	-0.22	2.74	1.00	0.00	0.16	111115
12	"10:04:58"	2556.5	0	8.83	0.091	223	3.46	2.73	27.03	1	2.52	1	5.04	26.14	27.03	27.03	401.46	399.42	11.091	11.775	23.70	25.16	499.9	1800	133	72.72	65.1	-0.0989	1.0	-0.22	2.74	1.00	0.00	0.16	111115
"10:07:07 5B24"
13	"10:09:29"	2827.0	0	12.3	0.123	217	5.01	2.93	28.03	1	2.52	1	5.04	26.14	28.03	27.87	403.45	400.59	11.018	12.007	23.54	25.66	499.9	1799	1551	72.69	65.1	-0.0989	1.0	-0.22	2.74	1.00	0.00	0.16	111115
14	"10:10:52"	2911.0	0	8.04	0.156	297	4.74	2.22	24.44	1	2.52	1	5.04	24.66	24.44	24.26	400.87	398.88	10.892	11.830	25.42	27.61	499.9	1800	1488	72.69	65.1	-0.0989	0.7	-0.22	2.74	1.00	0.00	0.16	111115
"10:13:55 6a153"
15	"10:16:09"	3228.0	0	9.92	0.125	251	4.62	2.67	26.68	1	2.52	1	5.04	25.64	26.68	26.47	402.53	400.18	10.645	11.557	23.42	25.43	499.9	1800	756	72.69	65.1	-0.0989	0.7	-0.22	2.74	1.00	0.00	0.16	111115
16	"10:16:39"	3257.5	0	10.1	0.124	246	4.76	2.78	27.19	1	2.52	1	5.04	26.32	27.19	27.10	402.59	400.19	10.630	11.572	22.48	24.47	500.0	1799	757	72.68	65.1	-0.0989	1.0	-0.22	2.74	1.00	0.00	0.16	111115
"10:19:31 1A243"
17	"10:22:16"	3594.5	0	12.8	0.269	303	7.72	2.14	24.14	1	2.52	1	5.04	24.27	24.14	23.90	402.54	399.37	10.578	12.103	25.27	28.92	499.9	1799	1852	72.71	65.1	-0.0989	0.7	-0.22	2.74	1.00	0.00	0.16	111115
18	"10:23:04"	3643.0	0	13.8	0.238	285	7.79	2.42	25.65	1	2.52	1	5.04	25.55	25.65	25.51	403.26	399.88	10.600	12.139	23.46	26.87	499.9	1801	1856	72.71	65.1	-0.0989	0.7	-0.22	2.74	1.00	0.00	0.16	111115
"10:25:58 2b192"
19	"10:28:44"	3983.0	0	8.72	0.0428	59.7	1.5	2.5	26.05	1	2.52	1	5.04	25.66	26.05	25.94	402.89	401.02	11.838	12.135	26.02	26.68	499.8	1799	113	72.71	65.1	-0.0989	0.7	-0.22	2.74	1.00	0.00	0.16	111115
20	"10:29:24"	4023.5	0	9.16	0.0425	42	1.28	2.15	24.24	1	2.52	1	5.04	24.37	24.24	24.05	402.17	400.24	12.004	12.257	28.50	29.10	499.9	1800	113	72.71	65.1	-0.0989	1.0	-0.22	2.74	1.00	0.00	0.16	111115
"10:32:50 3d865"
21	"10:34:35"	4334.5	0	3.63	0.0362	223	1.09	2.15	24.68	1	2.52	1	5.04	24.64	24.68	24.49	400.93	400.11	13.065	13.281	30.52	31.03	499.9	1801	113	72.71	65.1	-0.0989	0.7	-0.22	2.74	1.00	0.00	0.16	111115
22	"10:34:56"	4355.0	0	3.35	0.0356	233	1.07	2.13	24.58	1	2.52	1	5.04	24.56	24.58	24.44	400.89	400.13	13.134	13.345	30.83	31.33	499.9	1801	116	72.71	65.1	-0.0989	1.0	-0.22	2.74	1.00	0.00	0.16	111115
23	"10:34:56"	4355.5	0	3.26	0.0359	239	1.07	2.13	24.56	1	2.52	1	5.04	24.56	24.56	24.44	400.87	400.14	13.135	13.347	30.84	31.34	499.9	1801	116	72.71	65.1	-0.0989	1.0	-0.22	2.74	1.00	0.00	0.16	111115
"10:36:48 3c165"
24	"10:39:36"	4635.0	0	13.8	0.241	289	6.2	1.91	24.05	1	2.52	1	5.04	24.07	24.05	23.85	402.11	398.85	13.879	15.101	33.55	36.50	499.9	1799	516	72.71	65.1	-0.0989	1.0	-0.22	2.74	1.00	0.00	0.16	111115
25	"10:40:40"	4699.5	0	14.5	0.252	289	6.35	1.87	23.91	1	2.52	1	5.04	24.09	23.91	23.68	402.51	399.10	14.019	15.271	33.86	36.88	499.9	1799	550	72.71	65.1	-0.0989	0.7	-0.22	2.74	1.00	0.00	0.16	111115
"10:43:53 6c85"
"10:45:34 Lamp: ParIn ->  1800 uml"
"10:45:34 CO2 Mixer: CO2S -> 400 uml"
"10:45:34 Coolers: Tleaf -> 27.00 C"
"10:45:34 Flow: Fixed -> 500 umol/s"
"10:51:07 Flow: Fixed -> 500 umol/s"
26	"10:55:02"	5558.5	0	15.1	0.168	237	4.57	1.98	24.28	1	2.52	1	5.04	24.73	24.28	24.07	402.09	398.71	13.701	14.602	31.83	33.93	499.8	1800	205	72.67	66.6	-0.0845	0.7	-0.22	2.74	1.00	0.00	0.16	111115
27	"10:55:49"	5606.0	0	14.5	0.161	238	4.84	2.18	25.33	1	2.52	1	5.04	25.88	25.33	25.22	404.63	401.33	13.679	14.632	29.67	31.73	499.8	1799	209	72.67	66.6	-0.0845	0.7	-0.22	2.74	1.00	0.00	0.16	111115
"10:58:23 1b654"
28	"11:02:21"	5998.5	0	7.59	0.0516	147	1.83	2.52	26.93	1	2.52	1	5.04	26.17	26.93	26.80	401.56	399.89	14.079	14.439	30.02	30.79	499.9	1800	448	72.69	66.6	-0.0845	0.7	-0.22	2.74	1.00	0.00	0.16	111115
29	"11:03:12"	6049.0	0	6.86	0.0546	184	1.56	2.04	24.48	1	2.52	1	5.04	24.93	24.48	24.23	401.26	399.76	14.019	14.327	32.18	32.88	499.9	1801	1328	72.69	66.6	-0.0845	1.0	-0.22	2.74	1.00	0.00	0.16	111115
"11:05:46 5c233"
30	"11:08:16"	6354.0	0	6.26	0.047	172	1.35	2.05	24.48	1	2.52	1	5.04	24.94	24.48	24.28	401.32	399.96	13.964	14.231	32.04	32.65	499.8	1800	534	72.68	66.6	-0.0845	0.7	-0.22	2.74	1.00	0.00	0.16	111115
31	"11:09:01"	6398.5	0	7.43	0.0424	103	1.52	2.55	27.01	1	2.52	1	5.04	26.04	27.01	26.90	401.51	399.90	13.848	14.148	29.76	30.40	499.9	1799	293	72.68	66.6	-0.0845	0.7	-0.22	2.74	1.00	0.00	0.16	111115
"11:11:59 1d32"
32	"11:15:36"	6794.0	0	6.05	0.143	314	3.91	1.99	24.25	1	2.52	1	5.04	24.75	24.25	24.05	401.18	399.66	13.693	14.464	31.77	33.56	499.8	1801	680	72.7	66.6	-0.0845	0.7	-0.22	2.74	1.00	0.00	0.16	111115
33	"11:17:10"	6887.5	0	6.14	0.136	310	3.72	1.98	24.24	1	2.52	1	5.04	24.62	24.24	24.04	401.00	399.47	13.791	14.525	32.25	33.96	499.9	1801	924	72.69	66.6	-0.0845	1.0	-0.22	2.74	1.00	0.00	0.16	111115
"11:20:33 5A191"
34	"11:23:04"	7242.0	0	14.7	0.303	300	9.23	2.27	26.41	1	2.52	1	5.04	25.96	26.41	26.29	403.94	400.25	14.456	16.272	31.21	35.13	499.8	1799	607	72.67	66.6	-0.0845	0.7	-0.22	2.74	1.00	0.00	0.16	111115
35	"11:23:35"	7273.0	0	14.6	0.357	315	9.02	1.91	24.54	1	2.52	1	5.04	24.89	24.54	24.29	403.25	399.60	14.495	16.271	33.34	37.42	499.8	1800	465	72.67	66.6	-0.0845	0.7	-0.22	2.74	1.00	0.00	0.16	111115
"11:25:46 2d193"
36	"11:27:58"	7536.0	0	31.2	0.598	293	13.8	1.82	24.34	1	2.52	1	5.04	24.66	24.34	24.08	406.39	399.04	14.282	16.997	33.32	39.65	499.8	1801	566	72.69	66.6	-0.0845	0.7	-0.22	2.74	1.00	0.00	0.16	111115
37	"11:28:17"	7555.0	0	30.7	0.598	295	13.8	1.82	24.31	1	2.52	1	5.04	24.58	24.31	24.05	406.43	399.19	14.251	16.961	33.42	39.77	499.9	1801	623	72.69	66.6	-0.0845	1.0	-0.22	2.74	1.00	0.00	0.16	111115
"11:30:29 2a160"
38	"11:33:36"	7874.5	0	2.93	0.0354	251	1	2.01	24.26	1	2.52	1	5.04	24.75	24.26	24.06	400.13	399.47	13.991	14.188	32.46	32.92	499.9	1799	843	72.69	66.6	-0.0845	0.7	-0.22	2.74	1.00	0.00	0.16	111115
39	"11:33:55"	7893.5	0	3.39	0.0347	228	0.979	2.01	24.24	1	2.52	1	5.04	24.64	24.24	24.04	400.31	399.55	14.002	14.195	32.70	33.15	499.9	1799	803	72.69	66.6	-0.0845	1.0	-0.22	2.74	1.00	0.00	0.16	111115
"11:36:04 5d253"
"11:38:29 Lamp: ParIn ->  1800 uml"
"11:38:29 CO2 Mixer: CO2S -> 400 uml"
"11:38:29 Coolers: Tleaf -> 27.00 C"
"11:38:29 Flow: Fixed -> 500 umol/s"
40	"11:38:38"	8175.0	0	26.2	0.335	250	10.2	2.29	26.42	1	2.52	1	5.04	25.75	26.42	26.32	405.84	399.78	14.007	16.023	30.62	35.03	499.8	1800	426	72.67	66.6	-0.0845	0.7	-0.22	2.74	1.00	0.00	0.16	111115
41	"11:39:00"	8196.5	0	22.3	0.369	281	10.5	2.15	25.70	1	2.52	1	5.04	26.31	25.70	25.58	405.63	400.33	13.987	16.050	29.58	33.94	499.9	1800	432	72.67	66.6	-0.0845	0.7	-0.22	2.74	1.00	0.00	0.16	111115
"11:41:21 3a126"
42	"11:43:26"	8462.5	0	9.63	0.133	265	3.76	2.05	24.66	1	2.52	1	5.04	25.18	24.66	24.48	401.37	399.14	13.923	14.664	31.48	33.16	499.8	1800	949	72.68	66.6	-0.0845	0.7	-0.22	2.74	1.00	0.00	0.16	111115
43	"11:44:51"	8548.5	0	11.4	0.126	237	3.55	2.04	24.65	1	2.52	1	5.04	25.22	24.65	24.46	401.15	398.59	14.128	14.828	31.86	33.44	499.8	1799	536	72.68	66.6	-0.0845	0.7	-0.22	2.74	1.00	0.00	0.16	111115
"11:47:57 4d48"
44	"11:50:21"	8878.0	0	10.6	0.147	266	4.04	1.99	24.49	1	2.52	1	5.04	24.98	24.49	24.23	402.30	399.85	14.185	14.981	32.46	34.28	499.9	1801	419	72.68	66.6	-0.0845	1.0	-0.22	2.74	1.00	0.00	0.16	111115
45	"11:50:36"	8893.0	0	13.1	0.136	226	4	2.13	25.20	1	2.52	1	5.04	24.98	25.20	25.12	402.29	399.35	14.137	14.926	32.35	34.15	499.9	1801	417	72.69	66.6	-0.0845	0.7	-0.22	2.74	1.00	0.00	0.16	111115
"11:52:39 6b02"
46	"11:55:36"	9193.5	0	8.74	0.0871	222	2.5	2.06	24.51	1	2.52	1	5.04	24.90	24.51	24.24	401.44	399.49	13.586	14.080	31.22	32.36	499.9	1800	1472	72.66	66.6	-0.0845	1.0	-0.22	2.74	1.00	0.00	0.16	111115
47	"11:55:57"	9215.0	0	13.9	0.0785	98.9	2.49	2.28	25.62	1	2.52	1	5.04	24.98	25.62	25.51	402.15	399.17	13.594	14.086	31.09	32.22	499.9	1799	1598	72.66	66.6	-0.0845	0.7	-0.22	2.74	1.00	0.00	0.16	111115
"11:58:23 2c270"
48	"12:00:47"	9504.5	0	7.64	0.115	276	3.24	2.03	24.42	1	2.52	1	5.04	24.99	24.42	24.27	401.53	399.74	13.646	14.286	31.20	32.67	499.8	1799	466	72.68	66.6	-0.0845	0.7	-0.22	2.74	1.00	0.00	0.16	111115
49	"12:01:16"	9533.0	0	10.6	0.107	223	3.21	2.15	25.04	1	2.52	1	5.04	24.93	25.04	24.97	401.67	399.29	13.619	14.251	31.26	32.71	499.9	1799	598	72.68	66.6	-0.0845	0.7	-0.22	2.74	1.00	0.00	0.16	111115
