"OPEN 6.2.4"
"Tue Jul 17 2018 08:54:03"
<open><version>"6.2.4"</version></open>
<open><configfile>"/User/Configs/UserPrefs/2x3 LED.xml"</configfile></open>
<open><light><source>"6400-02 or -02B LED Source"</source><par_in>1<sensor>"SI-3781"<cal>-0.93<actinity>1.00</actinity><transm>1.00</transm></cal></sensor><transm>1</transm></par_in><par_out>1<sensor>"Q49599"<cal>7.26</cal></sensor></par_out></light></open>
<open><comps><file>"/User/Configs/Comps/StdComps_6.2"<header>""</header><extras></extras></file><energybal>no<f_parIn>1</f_parIn><f_parOut>0</f_parOut><alphaK>0.16</alphaK></energybal><bc_total>5.036<stomatal_ratio>1</stomatal_ratio><bc_oneside>2.518<type>2</type><table>"/Sys/Lib/StdBLCTable"</table><area>1</area><slope>-0.219565</slope><offset>2.73739</offset><fan>5</fan></bc_oneside></bc_total></comps></open>
<open><prompts><onlog>off</onlog><items>"Default (none)"</items></prompts></open>
<open><constants><oxygen>21 %</oxygen><bb_vapor>1.5</bb_vapor><bb_oxy>0.9</bb_oxy></constants></open>
<open><stability><items>"Std Stability"<items[1]><id>-2</id><size>15</size><pcv><onoff>0</onoff><value>1</value></pcv><std><onoff>0</onoff><value>1</value></std><slp><onoff>1</onoff><value>1</value></slp></items[1]><items[2]><id>-5</id><size>15</size><pcv><onoff>0</onoff><value>1</value></pcv><std><onoff>0</onoff><value>1</value></std><slp><onoff>1</onoff><value>1</value></slp></items[2]><items[3]><id>-7</id><size>15</size><pcv><onoff>0</onoff><value>1</value></pcv><std><onoff>0</onoff><value>1</value></std><slp><onoff>1</onoff><value>1</value></slp></items[3]></items></stability></open>
<open><log><format>"StdLogFmt_6.0"<items>{ -35 -21 -36 -76 30 23 36 21 25 221 -33 111 -34 11 -9 -10 -8 -1 -2 -4 -5 -14 -15 -7 -12 -13 -11 -65 -66 -72 -18 -19 -77 -78 -79 -23  }<hdr>{  }</hdr></items></format><options><beep>on</beep><hdr>normal</hdr><rem>normal</rem><stab>no</stab><stats>no<mean>no</mean><file>no</file><period>15</period></stats><excel>yes</excel><controls>yes</controls><comm>no</comm></options><datafile>"/User/07172018_maxfield"</datafile><button><action>"Normal Log"<code>" LogOneObsManual "</code></action></button><autoprog>"/User/Configs/AutoProgs/AutoLog2"<active>no</active></autoprog></log></open>
<open><a2d><avgtime>4.0 secs</avgtime><userchans><ch20>"Off"</ch20><ch21>"Off"</ch21><ch22>"Off"</ch22><ch23>"Off"</ch23></userchans></a2d></open>
<open><matching><type>0</type><disp>'a'</disp><settings><CO2Limit>10.0</CO2Limit><H2OLimit>1.0</H2OLimit><MaxAutoTime>60</MaxAutoTime></settings></matching></open>
<li6400><factory><unit>"PSC-3840"</unit><serviced>"1 Jul 2013"</serviced><fuseaware>0</fuseaware><co2mixer>yes</co2mixer><co2><coeffs>{ 0 0.213319 2.22998e-05 2.13159e-08 -3.88664e-12 3.69888e-16  }</coeffs><dvdt>-4.7</dvdt><xs>{ 0.0009 -0.0002  }</xs></co2><h2o><coeffs>{ 0 0.00572751 2.23485e-06 -7.37877e-12  }</coeffs><dvdt>-1.7</dvdt><xs>{ 0.0009 -0.0028  }</xs></h2o><flow>{ 0 0.3568  }</flow><press>{ 88.437 0.00551  }</press></factory></li6400>
<li6400><user><flow_zero>-507.8</flow_zero><irga_zero><co2>273.4 -39.1<at>24.2474</at></co2><h2o>39.1 117.2<at>24.2474</at></h2o></irga_zero><irga_span><co2>{ 0.99237 0.992833  }</co2><h2o>{ 1.00426 0.996799  }</h2o></irga_span><irga_match><co2>{ -0.22326 66.62  }</co2><h2o>{ -0.00417798 -0.0844695  }</h2o></irga_match><co2_mixer><pump_mv>4500</pump_mv><ppm>{ 2783.75 1217.19 446.903 263.489 115.182 65.0227 41.7566 36.6204  }</ppm><mv>{ 5000 3000 1500 1000 500 300 200 100  }</mv></co2_mixer><parin_offset>0</parin_offset><led_cal><unit>"SI-3781"</unit><mv>{ 10 25 50 100 1000 2000 3000 4000 5000  }</mv><qntm>{ 4.69642 15.4417 35.4805 82.2863 972.665 1922.29 2824.32 3690.14 4518.2  }</qntm></led_cal><lcf_cal><unit>"unknown"</unit><red><mv>{ 50 100 500 1000 1500 5000  }</mv><qntm>{ 50 100 500 1000 2000 5000  }</qntm></red><blue><mv>{ 100 200 500 1000 2000 5000  }</mv><qntm>{ 10 20 50 100 200 500  }</qntm></blue></lcf_cal></user></li6400>
"08:54:30 4C107"
$STARTOFDATA$
"Obs"	"HHMMSS"	"FTime"	"EBal?"	"Photo"	"Cond"	"Ci"	"Trmmol"	"VpdL"	"CTleaf"	"Area"	"BLC_1"	"StmRat"	"BLCond"	"Tair"	"Tleaf"	"TBlk"	"CO2R"	"CO2S"	"H2OR"	"H2OS"	"RH_R"	"RH_S"	"Flow"	"PARi"	"PARo"	"Press"	"CsMch"	"HsMch"	"StableF"	"BLCslope"	"BLCoffst"	"f_parin"	"f_parout"	"alphaK"	"Status"
"08:56:58 Flow: Fixed -> 500 umol/s"
"08:58:52 Flow: Fixed -> 500 umol/s"
1	"09:03:15"	577.0	0	9.38	0.119	252	4.17	2.54	25.20	1	2.52	1	5.04	24.20	25.20	25.26	401.11	398.90	8.529	9.356	20.49	22.47	499.9	1800	1462	72.79	63.5	-0.124	0.7	-0.22	2.74	1.00	0.00	0.16	111115
2	"09:04:29"	652.0	0	11.9	0.0951	179	3.73	2.82	26.64	1	2.52	1	5.04	25.61	26.64	26.71	403.25	400.57	8.656	9.395	19.11	20.74	500.0	1800	1464	72.79	63.5	-0.124	0.7	-0.22	2.74	1.00	0.00	0.16	111115
"09:08:43 1D01"
3	"09:11:12"	1055.0	0	16.9	0.252	269	8.68	2.56	25.74	1	2.52	1	5.04	25.61	25.74	25.83	404.66	400.58	8.744	10.462	19.30	23.09	499.9	1799	990	72.79	63.5	-0.124	0.7	-0.22	2.74	1.00	0.00	0.16	111115
4	"09:12:32"	1135.5	0	18.3	0.26	264	8.82	2.52	25.58	1	2.52	1	5.04	25.46	25.58	25.66	404.66	400.29	8.818	10.563	19.64	23.52	499.9	1800	947	72.79	63.5	-0.124	0.7	-0.22	2.74	1.00	0.00	0.16	111115
"09:16:30 6B29"
5	"09:19:08"	1531.5	0	16.4	0.103	128	3.32	2.32	24.50	1	2.52	1	5.04	24.27	24.50	24.56	403.55	400.00	9.849	10.507	23.54	25.11	500.0	1800	165	72.75	63.5	-0.124	0.7	-0.22	2.74	1.00	0.00	0.16	111115
6	"09:19:49"	1572.0	0	15.9	0.0864	87.3	3.31	2.75	26.71	1	2.52	1	5.04	26.03	26.71	26.77	404.02	400.58	9.881	10.537	21.27	22.68	499.9	1800	167	72.75	63.5	-0.124	0.7	-0.22	2.74	1.00	0.00	0.16	111115
"09:21:58 5D241"
7	"09:24:29"	1852.5	0	22.7	0.918	336	23.9	2.17	25.43	1	2.52	1	5.04	24.74	25.43	25.46	405.61	399.17	10.317	15.018	23.98	34.90	499.9	1801	129	72.78	63.5	-0.124	0.7	-0.22	2.74	1.00	0.00	0.16	111115
8	"09:25:13"	1896.5	0	21.7	0.696	327	19.1	2.21	25.30	1	2.52	1	5.04	24.52	25.30	25.34	405.98	400.12	10.331	14.108	24.33	33.22	499.9	1800	130	72.78	63.5	-0.124	0.7	-0.22	2.74	1.00	0.00	0.16	111115
"09:27:19 2D197"
9	"09:29:51"	2175.0	0	12.9	0.122	211	3.99	2.37	25.06	1	2.52	1	5.04	24.71	25.06	25.05	402.84	399.94	10.469	11.257	24.38	26.22	499.9	1800	1226	72.79	63.5	-0.124	0.7	-0.22	2.74	1.00	0.00	0.16	111115
10	"09:30:14"	2197.5	0	9.68	0.115	247	3.69	2.32	24.76	1	2.52	1	5.04	25.28	24.76	24.75	402.86	400.63	10.488	11.219	23.62	25.26	499.9	1799	1231	72.79	63.5	-0.124	0.7	-0.22	2.74	1.00	0.00	0.16	111115
"09:32:42 Flow: Fixed -> 500 umol/s"
"09:32:52 3D602"
11	"09:37:49"	2652.0	0	3.75	0.158	340	5.48	2.53	26.48	1	2.52	1	5.04	26.04	26.48	26.49	401.11	399.92	11.888	12.970	25.59	27.92	499.9	1799	139	72.79	66.5	-0.0631	0.7	-0.22	2.74	1.00	0.00	0.16	111115
12	"09:38:35"	2697.5	0	5.55	0.168	328	5.41	2.35	25.66	1	2.52	1	5.04	25.98	25.66	25.66	402.79	401.24	12.080	13.148	26.09	28.40	499.9	1801	139	72.78	66.5	-0.0631	0.7	-0.22	2.74	1.00	0.00	0.16	111115
"09:40:22 Flow: Fixed -> 500 umol/s"
"09:41:26 5A200"
13	"09:44:09"	3032.0	0	15.7	0.254	278	8.12	2.37	26.26	1	2.52	1	5.04	25.60	26.26	26.22	403.53	399.73	12.937	14.537	28.58	32.11	499.9	1800	305	72.77	65.1	-0.103	0.7	-0.22	2.74	1.00	0.00	0.16	111115
14	"09:44:46"	3069.0	0	15.9	0.303	296	7.72	1.91	23.86	1	2.52	1	5.04	24.11	23.86	23.70	402.80	398.99	13.013	14.534	31.41	35.09	499.9	1800	306	72.77	65.1	-0.103	0.7	-0.22	2.74	1.00	0.00	0.16	111115
"09:46:59 1C44"
15	"09:49:42"	3365.0	0	8.51	0.0778	206	2.63	2.43	26.44	1	2.52	1	5.04	25.71	26.44	26.31	401.51	399.59	13.712	14.232	30.09	31.23	500.0	1800	1536	72.79	65.1	-0.103	0.7	-0.22	2.74	1.00	0.00	0.16	111115
16	"09:51:09"	3452.0	0	11.3	0.074	138	2.35	2.27	25.72	1	2.52	1	5.04	25.13	25.72	25.69	401.48	399.03	13.916	14.379	31.61	32.66	499.9	1801	1553	72.79	65.1	-0.103	1.0	-0.22	2.74	1.00	0.00	0.16	111115
"09:54:03 5C214"
17	"09:56:58"	3801.0	0	7.66	0.0564	168	1.46	1.86	23.93	1	2.52	1	5.04	24.35	23.93	23.77	401.01	399.36	15.204	15.493	36.16	36.85	499.9	1800	130	72.77	65.1	-0.103	0.7	-0.22	2.74	1.00	0.00	0.16	111115
18	"09:57:22"	3825.0	0	8.45	0.0543	137	1.42	1.86	24.01	1	2.52	1	5.04	24.23	24.01	23.85	400.95	399.15	15.287	15.567	36.64	37.31	499.9	1802	148	72.77	65.1	-0.103	1.0	-0.22	2.74	1.00	0.00	0.16	111115
"09:59:41 1B650"
19	"10:05:05"	4289.0	0	10.3	0.184	293	4.68	1.86	24.06	1	2.52	1	5.04	24.34	24.06	23.89	402.41	399.98	14.843	15.764	35.33	37.52	499.9	1800	218	72.77	65.1	-0.103	0.7	-0.22	2.74	1.00	0.00	0.16	111115
20	"10:05:22"	4306.0	0	11	0.183	286	4.63	1.86	24.03	1	2.52	1	5.04	24.28	24.03	23.85	402.44	399.87	14.792	15.703	35.34	37.52	499.9	1800	216	72.76	65.1	-0.103	1.0	-0.22	2.74	1.00	0.00	0.16	111115
"10:07:14 Lamp: ParIn ->  1800 uml"
"10:07:14 CO2 Mixer: CO2S -> 400 uml"
"10:07:14 Coolers: Tleaf -> 27.00 C"
"10:07:14 Flow: Fixed -> 500 umol/s"
21	"10:07:46"	4448.0	0	19.4	0.0255	-833	1.05	2.9	28.95	1	2.52	1	5.04	26.61	28.95	28.85	378.95	374.99	15.000	15.207	31.19	31.62	499.9	1800	1176	72.74	65.1	-0.103	0.3	-0.22	2.74	1.00	0.00	0.16	111115
"10:09:53 4A104"
22	"10:11:56"	4698.5	0	15.8	0.182	243	4.73	1.9	24.07	1	2.52	1	5.04	24.30	24.07	23.85	402.99	399.45	14.307	15.238	34.13	36.35	499.9	1799	256	72.75	65.1	-0.103	1.0	-0.22	2.74	1.00	0.00	0.16	111115
23	"10:12:33"	4735.5	0	16.2	0.167	225	5.15	2.25	25.96	1	2.52	1	5.04	25.57	25.96	25.87	403.75	400.10	14.284	15.299	31.59	33.84	499.8	1801	538	72.75	65.1	-0.103	0.7	-0.22	2.74	1.00	0.00	0.16	111115
"10:14:51 2C258"
24	"10:17:11"	5013.5	0	11.7	0.0677	106	2.36	2.49	26.79	1	2.52	1	5.04	25.79	26.79	26.76	402.69	400.16	13.900	14.366	30.35	31.36	499.9	1800	1404	72.75	65.1	-0.103	0.3	-0.22	2.74	1.00	0.00	0.16	111115
25	"10:18:11"	5073.5	0	12.2	0.0748	124	2.12	2.04	24.43	1	2.52	1	5.04	24.30	24.43	24.68	401.73	399.12	13.817	14.237	32.95	33.96	498.6	1800	1255	72.75	65.1	-0.103	0.3	-0.22	2.74	1.00	0.00	0.16	111115
"10:20:46 4B160"
26	"10:23:35"	5398.0	0	9.65	0.0614	134	1.68	1.96	24.02	1	2.52	1	5.04	24.22	24.02	23.85	402.03	399.97	13.987	14.318	33.52	34.32	499.9	1800	540	72.76	65.1	-0.103	1.0	-0.22	2.74	1.00	0.00	0.16	111115
27	"10:24:12"	5435.0	0	11.2	0.053	48.1	1.76	2.36	26.17	1	2.52	1	5.04	25.52	26.17	26.14	403.08	400.70	14.067	14.413	31.20	31.97	499.9	1799	555	72.76	65.1	-0.103	0.7	-0.22	2.74	1.00	0.00	0.16	111115
"10:26:32 5b10"
28	"10:28:54"	5717.0	0	15.9	0.239	274	7.02	2.17	25.77	1	2.52	1	5.04	25.97	25.77	25.75	404.75	401.01	14.517	15.899	31.35	34.34	499.8	1799	191	72.74	65.1	-0.103	0.7	-0.22	2.74	1.00	0.00	0.16	111115
29	"10:29:19"	5742.0	0	15.6	0.264	287	6.6	1.86	24.08	1	2.52	1	5.04	24.64	24.08	23.94	403.86	400.22	14.546	15.846	34.01	37.05	499.9	1799	187	72.74	65.1	-0.103	0.7	-0.22	2.74	1.00	0.00	0.16	111115
"10:31:18 3A276"
30	"10:33:46"	6009.0	0	17.2	0.192	238	4.94	1.89	24.06	1	2.52	1	5.04	24.35	24.06	23.90	403.11	399.28	14.430	15.403	34.33	36.64	499.9	1800	502	72.75	65.1	-0.103	0.7	-0.22	2.74	1.00	0.00	0.16	111115
31	"10:34:03"	6026.0	0	17.7	0.191	233	4.9	1.88	24.01	1	2.52	1	5.04	24.27	24.01	23.85	403.02	399.08	14.397	15.361	34.40	36.70	499.8	1800	453	72.75	65.1	-0.103	1.0	-0.22	2.74	1.00	0.00	0.16	111115
"10:37:54 6A149"
32	"10:40:23"	6406.5	0	12.1	0.0549	34.3	1.5	1.96	24.08	1	2.52	1	5.04	24.35	24.08	24.04	401.25	398.72	14.204	14.500	33.78	34.49	499.9	1799	464	72.74	65.1	-0.103	1.0	-0.22	2.74	1.00	0.00	0.16	111115
33	"10:41:39"	6482.5	0	12.3	0.0552	30.2	1.51	1.96	24.08	1	2.52	1	5.04	24.35	24.08	24.04	401.12	398.54	14.168	14.466	33.69	34.40	499.9	1800	390	72.74	65.1	-0.103	1.0	-0.22	2.74	1.00	0.00	0.16	111115
"10:44:10 2B183"
"10:45:09 2B183"
34	"10:48:51"	6915.5	0	10.6	0.126	247	3.66	2.1	24.88	1	2.52	1	5.04	25.28	24.88	24.91	401.56	399.14	13.844	14.565	31.15	32.77	499.8	1800	189	72.76	65.1	-0.103	0.7	-0.22	2.74	1.00	0.00	0.16	111115
35	"10:49:43"	6967.5	0	11	0.12	234	3.42	2.06	24.67	1	2.52	1	5.04	24.98	24.67	24.68	401.13	398.66	13.836	14.510	31.70	33.25	499.7	1801	181	72.76	65.1	-0.103	0.7	-0.22	2.74	1.00	0.00	0.16	111115
"10:52:28 1A239"
36	"10:55:20"	7304.0	0	22.6	0.519	307	13.3	2	24.91	1	2.52	1	5.04	24.78	24.91	24.84	404.26	398.67	13.390	16.012	31.04	37.12	499.7	1800	352	72.75	65.1	-0.103	0.7	-0.22	2.74	1.00	0.00	0.16	111115
37	"10:56:27"	7371.5	0	22.2	0.581	317	13.3	1.81	23.88	1	2.52	1	5.04	24.32	23.88	23.90	404.02	398.52	13.366	15.992	31.86	38.12	499.5	1800	336	72.75	65.1	-0.103	0.3	-0.22	2.74	1.00	0.00	0.16	111115
"10:58:53 3C151"
38	"11:01:35"	7679.5	0	13.9	0.153	236	4.6	2.18	25.47	1	2.52	1	5.04	25.80	25.47	25.37	404.24	401.08	14.041	14.947	30.63	32.61	499.8	1799	135	72.75	65.1	-0.103	0.7	-0.22	2.74	1.00	0.00	0.16	111115
39	"11:02:55"	7760.0	0	14.8	0.153	226	4.53	2.16	25.44	1	2.52	1	5.04	25.73	25.44	25.34	404.31	400.98	14.332	15.224	31.39	33.35	499.9	1800	140	72.75	65.1	-0.103	0.7	-0.22	2.74	1.00	0.00	0.16	111115
"11:04:22 Flow: Fixed -> 500 umol/s"
"11:07:25 4D66"
40	"11:09:57"	8180.5	0	9.79	0.0512	80.3	1.43	1.99	24.53	1	2.52	1	5.04	24.80	24.53	24.23	401.85	399.78	14.804	15.086	34.27	34.92	499.9	1799	1474	72.74	66.4	-0.0517	1.0	-0.22	2.74	1.00	0.00	0.16	111115
41	"11:10:59"	8242.5	0	10.9	0.0525	55.1	1.47	2	24.55	1	2.52	1	5.04	24.99	24.55	24.25	401.94	399.64	14.720	15.010	33.70	34.36	499.9	1800	1483	72.74	66.4	-0.0517	0.7	-0.22	2.74	1.00	0.00	0.16	111115
"11:14:56 3D900"
42	"11:17:06"	8609.5	0	7.16	0.084	246	2.35	2.01	24.60	1	2.52	1	5.04	24.80	24.60	24.48	401.04	399.42	14.639	15.102	33.89	34.96	499.9	1801	486	72.74	66.4	-0.0517	1.0	-0.22	2.74	1.00	0.00	0.16	111115
43	"11:18:06"	8669.5	0	6.51	0.0865	263	2.37	1.97	24.35	1	2.52	1	5.04	24.75	24.35	24.06	401.08	399.59	14.561	15.027	33.80	34.88	499.8	1799	436	72.74	66.4	-0.0517	0.7	-0.22	2.74	1.00	0.00	0.16	111115
"11:22:10 6D70"
44	"11:24:30"	9053.5	0	10.7	0.223	303	6.82	2.25	26.17	1	2.52	1	5.04	25.74	26.17	26.05	403.50	400.82	14.620	15.962	31.99	34.93	499.8	1801	458	72.71	66.4	-0.0517	0.7	-0.22	2.74	1.00	0.00	0.16	111115
45	"11:25:00"	9084.0	0	11.4	0.254	310	6.5	1.9	24.36	1	2.52	1	5.04	24.59	24.36	24.10	403.04	400.23	14.675	15.955	34.39	37.39	499.9	1800	466	72.71	66.4	-0.0517	0.7	-0.22	2.74	1.00	0.00	0.16	111115
"11:28:16 6B100"
"11:28:43 6C100"
46	"11:30:17"	9401.0	0	10.7	0.102	215	2.75	1.94	24.43	1	2.52	1	5.04	24.93	24.43	24.23	401.24	398.88	15.096	15.639	34.65	35.90	499.9	1800	1313	72.7	66.4	-0.0517	0.7	-0.22	2.74	1.00	0.00	0.16	111115
47	"11:30:35"	9418.5	0	11.3	0.102	206	2.75	1.93	24.43	1	2.52	1	5.04	24.85	24.43	24.23	401.27	398.79	15.133	15.674	34.90	36.15	499.9	1798	1305	72.7	66.4	-0.0517	1.0	-0.22	2.74	1.00	0.00	0.16	111115
"11:33:20 2A168"
48	"11:36:10"	9754.0	0	14.7	0.101	148	3.48	2.46	27.37	1	2.52	1	5.04	26.52	27.37	27.14	402.09	398.87	15.790	16.475	32.99	34.42	499.9	1800	444	72.71	66.4	-0.0517	0.7	-0.22	2.74	1.00	0.00	0.16	111115
49	"11:37:43"	9847.5	0	16.1	0.113	153	3.57	2.27	26.53	1	2.52	1	5.04	26.84	26.53	26.37	403.89	400.37	15.917	16.619	32.63	34.07	499.9	1800	484	72.71	66.4	-0.0517	0.7	-0.22	2.74	1.00	0.00	0.16	111115
