"OPEN 6.2.4"
"Fri Jul 27 2018 09:11:20"
<open><version>"6.2.4"</version></open>
<open><configfile>"/User/Configs/UserPrefs/2x3 LED.xml"</configfile></open>
<open><light><source>"6400-02 or -02B LED Source"</source><par_in>1<sensor>"SI-3781"<cal>-0.93<actinity>1.00</actinity><transm>1.00</transm></cal></sensor><transm>1</transm></par_in><par_out>1<sensor>"Q49599"<cal>7.26</cal></sensor></par_out></light></open>
<open><comps><file>"/User/Configs/Comps/StdComps_6.2"<header>""</header><extras></extras></file><energybal>no<f_parIn>1</f_parIn><f_parOut>0</f_parOut><alphaK>0.16</alphaK></energybal><bc_total>5.036<stomatal_ratio>1</stomatal_ratio><bc_oneside>2.518<type>2</type><table>"/Sys/Lib/StdBLCTable"</table><area>1</area><slope>-0.219565</slope><offset>2.73739</offset><fan>5</fan></bc_oneside></bc_total></comps></open>
<open><prompts><onlog>off</onlog><items>"Default (none)"</items></prompts></open>
<open><constants><oxygen>21 %</oxygen><bb_vapor>1.5</bb_vapor><bb_oxy>0.9</bb_oxy></constants></open>
<open><stability><items>"Std Stability"<items[1]><id>-2</id><size>15</size><pcv><onoff>0</onoff><value>1</value></pcv><std><onoff>0</onoff><value>1</value></std><slp><onoff>1</onoff><value>1</value></slp></items[1]><items[2]><id>-5</id><size>15</size><pcv><onoff>0</onoff><value>1</value></pcv><std><onoff>0</onoff><value>1</value></std><slp><onoff>1</onoff><value>1</value></slp></items[2]><items[3]><id>-7</id><size>15</size><pcv><onoff>0</onoff><value>1</value></pcv><std><onoff>0</onoff><value>1</value></std><slp><onoff>1</onoff><value>1</value></slp></items[3]></items></stability></open>
<open><log><format>"StdLogFmt_6.0"<items>{ -35 -21 -36 -76 30 23 36 21 25 221 -33 111 -34 11 -9 -10 -8 -1 -2 -4 -5 -14 -15 -7 -12 -13 -11 -65 -66 -72 -18 -19 -77 -78 -79 -23  }<hdr>{  }</hdr></items></format><options><beep>on</beep><hdr>normal</hdr><rem>normal</rem><stab>no</stab><stats>no<mean>no</mean><file>no</file><period>15</period></stats><excel>yes</excel><controls>yes</controls><comm>no</comm></options><datafile>"/User/07272018_maxfield"</datafile><button><action>"Normal Log"<code>" LogOneObsManual "</code></action></button><autoprog>"/User/Configs/AutoProgs/AutoLog2"<active>no</active></autoprog></log></open>
<open><a2d><avgtime>4.0 secs</avgtime><userchans><ch20>"Off"</ch20><ch21>"Off"</ch21><ch22>"Off"</ch22><ch23>"Off"</ch23></userchans></a2d></open>
<open><matching><type>0</type><disp>'a'</disp><settings><CO2Limit>10.0</CO2Limit><H2OLimit>1.0</H2OLimit><MaxAutoTime>60</MaxAutoTime></settings></matching></open>
<li6400><factory><unit>"PSC-3840"</unit><serviced>"1 Jul 2013"</serviced><fuseaware>0</fuseaware><co2mixer>yes</co2mixer><co2><coeffs>{ 0 0.213319 2.22998e-05 2.13159e-08 -3.88664e-12 3.69888e-16  }</coeffs><dvdt>-4.7</dvdt><xs>{ 0.0009 -0.0002  }</xs></co2><h2o><coeffs>{ 0 0.00572751 2.23485e-06 -7.37877e-12  }</coeffs><dvdt>-1.7</dvdt><xs>{ 0.0009 -0.0028  }</xs></h2o><flow>{ 0 0.3568  }</flow><press>{ 88.437 0.00551  }</press></factory></li6400>
<li6400><user><flow_zero>-507.8</flow_zero><irga_zero><co2>273.4 -39.1<at>24.2474</at></co2><h2o>39.1 117.2<at>24.2474</at></h2o></irga_zero><irga_span><co2>{ 0.99237 0.992833  }</co2><h2o>{ 1.00426 0.996799  }</h2o></irga_span><irga_match><co2>{ -0.22326 64.5325  }</co2><h2o>{ -0.00417798 0.0195898  }</h2o></irga_match><co2_mixer><pump_mv>4500</pump_mv><ppm>{ 2813.55 1241.64 469.288 285.352 136.442 85.8828 62.5032 56.5853  }</ppm><mv>{ 5000 3000 1500 1000 500 300 200 100  }</mv></co2_mixer><parin_offset>0</parin_offset><led_cal><unit>"SI-3781"</unit><mv>{ 10 25 50 100 1000 2000 3000 4000 5000  }</mv><qntm>{ 4.69642 15.4417 35.4805 82.2863 972.665 1922.29 2824.32 3690.14 4518.2  }</qntm></led_cal><lcf_cal><unit>"unknown"</unit><red><mv>{ 50 100 500 1000 1500 5000  }</mv><qntm>{ 50 100 500 1000 2000 5000  }</qntm></red><blue><mv>{ 100 200 500 1000 2000 5000  }</mv><qntm>{ 10 20 50 100 200 500  }</qntm></blue></lcf_cal></user></li6400>
"09:11:25 206"
$STARTOFDATA$
"Obs"	"HHMMSS"	"FTime"	"EBal?"	"Photo"	"Cond"	"Ci"	"Trmmol"	"VpdL"	"CTleaf"	"Area"	"BLC_1"	"StmRat"	"BLCond"	"Tair"	"Tleaf"	"TBlk"	"CO2R"	"CO2S"	"H2OR"	"H2OS"	"RH_R"	"RH_S"	"Flow"	"PARi"	"PARo"	"Press"	"CsMch"	"HsMch"	"StableF"	"BLCslope"	"BLCoffst"	"f_parin"	"f_parout"	"alphaK"	"Status"
"09:17:20 4B180"
"09:20:09 4B172"
"09:29:35 4B205"
"09:31:27 4B188"
"09:34:10 1B24"
"09:37:00 Flow: Fixed -> 500 umol/s"
1	"09:39:56"	1739.5	0	5.08	0.0387	172	1.42	2.6	25.56	1	2.52	1	5.04	25.46	25.56	25.41	401.72	400.59	9.111	9.392	20.27	20.89	499.9	1800	273	72.68	66.5	0.0964	0.7	-0.22	2.74	1.00	0.00	0.16	111115
"09:42:34 4C115"
2	"09:44:52"	2035.5	0	5.31	0.0211	-15.8	0.757	2.54	25.57	1	2.52	1	5.04	24.59	25.57	25.53	399.99	398.87	10.098	10.248	23.66	24.01	499.9	1801	770	72.68	66.5	0.0964	0.7	-0.22	2.74	1.00	0.00	0.16	111115
3	"09:45:48"	2092.0	0	4.41	0.0215	57.9	0.816	2.69	26.37	1	2.52	1	5.04	26.44	26.37	26.32	402.29	401.34	10.235	10.397	21.48	21.82	499.9	1799	783	72.68	66.5	0.0964	0.7	-0.22	2.74	1.00	0.00	0.16	111115
4	"09:46:10"	2113.0	0	4.53	0.0198	19.4	0.706	2.53	25.57	1	2.52	1	5.04	25.21	25.57	25.52	400.62	399.66	10.273	10.412	23.19	23.50	499.9	1799	785	72.68	66.5	0.0964	0.7	-0.22	2.74	1.00	0.00	0.16	111115
"09:50:07 2B130"
5	"09:52:27"	2491.0	0	15.8	0.0884	95.3	3.18	2.58	26.15	1	2.52	1	5.04	25.86	26.15	26.12	404.38	400.95	10.679	11.308	23.19	24.56	499.9	1799	106	72.67	66.5	0.0964	0.7	-0.22	2.74	1.00	0.00	0.16	111115
6	"09:53:10"	2533.5	0	13.9	0.0818	110	2.49	2.19	24.06	1	2.52	1	5.04	24.29	24.06	23.86	401.55	398.57	10.726	11.219	25.57	26.75	500.0	1801	106	72.67	66.5	0.0964	0.7	-0.22	2.74	1.00	0.00	0.16	111115
"09:55:38 2A167"
7	"09:57:38"	2802.0	0	11.1	0.0774	154	2.43	2.26	24.43	1	2.52	1	5.04	24.43	24.43	24.24	402.57	400.16	10.758	11.239	25.44	26.57	500.0	1799	93	72.68	66.5	0.0964	1.0	-0.22	2.74	1.00	0.00	0.16	111115
8	"09:58:10"	2834.0	0	9.65	0.0719	168	2.46	2.45	25.48	1	2.52	1	5.04	25.53	25.48	25.42	403.33	401.20	10.749	11.236	23.80	24.88	499.8	1800	92	72.68	66.5	0.0964	0.7	-0.22	2.74	1.00	0.00	0.16	111115
"10:00:21 2D187"
9	"10:02:30"	3093.5	0	19	0.297	275	9.6	2.41	25.60	1	2.52	1	5.04	25.55	25.60	25.55	405.00	400.43	10.233	12.131	22.64	26.84	499.9	1800	875	72.68	66.5	0.0964	0.7	-0.22	2.74	1.00	0.00	0.16	111115
10	"10:03:15"	3139.0	0	19.5	0.336	285	9.36	2.1	23.87	1	2.52	1	5.04	24.01	23.87	23.65	403.93	399.28	10.125	11.974	24.56	29.05	499.9	1800	875	72.68	66.5	0.0964	1.0	-0.22	2.74	1.00	0.00	0.16	111115
"10:09:17 3A655"
"10:12:48 6A647"
11	"10:14:35"	3819.0	0	4.23	0.0205	57.1	0.691	2.39	24.77	1	2.52	1	5.04	25.47	24.77	24.68	401.38	400.47	10.124	10.261	22.50	22.81	499.9	1800	1705	72.67	66.5	0.0964	0.7	-0.22	2.74	1.00	0.00	0.16	111115
12	"10:14:48"	3832.5	0	4.01	0.0181	34.7	0.556	2.18	23.59	1	2.52	1	5.04	24.60	23.59	23.39	400.90	400.06	10.144	10.254	23.75	24.01	499.8	1800	1698	72.67	66.5	0.0964	0.7	-0.22	2.74	1.00	0.00	0.16	111115
"10:18:52 5C201"
"10:20:40 5C219"
"10:25:25 5B11"
13	"10:26:21"	4525.5	0	8.59	0.038	26.6	1.15	2.16	23.92	1	2.52	1	5.04	25.11	23.92	23.87	402.52	400.71	11.085	11.312	25.16	25.67	499.9	1801	136	72.66	66.5	0.0964	0.7	-0.22	2.74	1.00	0.00	0.16	111115
"10:31:04 Flow: Fixed -> 500 umol/s"
"10:32:09 4D47"
14	"10:34:02"	4985.5	0	6.09	0.0707	244	2.16	2.2	23.99	1	2.52	1	5.04	24.27	23.99	23.84	401.04	399.64	10.530	10.958	25.14	26.16	499.9	1800	322	72.67	67.8	0.124	1.0	-0.22	2.74	1.00	0.00	0.16	111115
15	"10:34:15"	4998.5	0	10.8	0.0636	111	2.24	2.52	25.70	1	2.52	1	5.04	24.52	25.70	25.65	401.61	399.28	10.468	10.912	24.63	25.67	499.9	1801	375	72.67	67.8	0.124	0.7	-0.22	2.74	1.00	0.00	0.16	111115
"10:37:03 4B180"
16	"10:37:41"	5204.5	0	2.07	0.0234	241	0.74	2.25	24.02	1	2.52	1	5.04	24.42	24.02	23.79	400.30	399.82	10.144	10.290	24.00	24.35	499.8	1798	1212	72.67	67.8	0.124	0.7	-0.22	2.74	1.00	0.00	0.16	111115
17	"10:39:58"	5341.5	0	2.38	0.0219	209	0.751	2.44	25.06	1	2.52	1	5.04	25.83	25.06	24.88	401.23	400.69	10.241	10.389	22.28	22.60	499.9	1800	1214	72.67	67.8	0.124	0.7	-0.22	2.74	1.00	0.00	0.16	111115
"10:42:10 4A82"
"10:47:45 4A109"
18	"10:51:10"	6014.0	0	27.6	0.276	219	7.93	2.15	24.33	1	2.52	1	5.04	24.58	24.33	24.05	408.04	401.88	10.925	12.492	25.60	29.27	499.8	1801	112	72.67	67.8	0.124	0.3	-0.22	2.74	1.00	0.00	0.16	111115
19	"10:52:04"	6067.5	0	25.6	0.406	277	11.1	2.09	24.26	1	2.52	1	5.04	25.29	24.26	24.06	406.59	400.57	10.954	13.147	24.61	29.53	499.9	1800	112	72.67	67.8	0.124	0.3	-0.22	2.74	1.00	0.00	0.16	111115
"10:55:06 2C272"
"10:58:25 Lamp: ParIn ->  1800 uml"
"10:58:25 CO2 Mixer: CO2S -> 400 uml"
"10:58:25 Coolers: Tleaf -> 27.00 C"
"10:58:25 Flow: Fixed -> 500 umol/s"
"11:00:55 Flow: Fixed -> 500 umol/s"
20	"11:02:30"	6693.5	0	6.99	0.0349	64	1.19	2.43	24.98	1	2.52	1	5.04	25.27	24.98	24.88	400.44	398.95	9.973	10.210	22.43	22.96	499.9	1800	1881	72.66	69.1	0.173	0.7	-0.22	2.74	1.00	0.00	0.16	111115
21	"11:03:28"	6751.5	0	6.32	0.0366	108	1.22	2.38	24.66	1	2.52	1	5.04	25.36	24.66	24.45	400.44	399.08	9.938	10.180	22.23	22.77	499.9	1800	1870	72.66	69.1	0.173	0.7	-0.22	2.74	1.00	0.00	0.16	111115
"11:06:00 1B667"
22	"11:09:39"	7122.5	0	3.6	0.0191	84.1	0.67	2.49	25.23	1	2.52	1	5.04	26.28	25.23	25.11	401.40	400.62	9.950	10.083	21.07	21.35	499.9	1801	1692	72.65	69.1	0.173	0.7	-0.22	2.74	1.00	0.00	0.16	111115
23	"11:09:47"	7130.0	0	2.7	0.0197	166	0.654	2.35	24.51	1	2.52	1	5.04	25.91	24.51	24.38	401.20	400.61	9.961	10.091	21.56	21.84	499.8	1800	1694	72.65	69.1	0.173	0.7	-0.22	2.74	1.00	0.00	0.16	111115
"11:12:57 6C108"
24	"11:16:25"	7529.0	0	15.5	0.135	198	4.32	2.32	24.84	1	2.52	1	5.04	26.30	24.84	24.75	405.14	401.68	10.574	11.430	22.36	24.17	499.8	1800	1569	72.63	69.1	0.173	0.7	-0.22	2.74	1.00	0.00	0.16	111115
25	"11:16:40"	7544.0	0	14.6	0.132	203	4.26	2.34	24.95	1	2.52	1	5.04	25.88	24.95	24.81	402.44	399.19	10.616	11.458	23.01	24.83	499.7	1800	1577	72.63	69.1	0.173	0.7	-0.22	2.74	1.00	0.00	0.16	111115
"11:19:51 5D234"
26	"11:23:20"	7944.0	0	3.37	0.0155	40.6	0.54	2.46	25.32	1	2.52	1	5.04	26.58	25.32	25.29	401.52	400.81	10.614	10.721	22.08	22.30	499.8	1800	146	72.63	69.1	0.173	0.7	-0.22	2.74	1.00	0.00	0.16	111115
27	"11:23:29"	7953.5	0	3.31	0.0148	29.8	0.487	2.34	24.64	1	2.52	1	5.04	26.14	24.64	24.58	401.27	400.57	10.598	10.695	22.63	22.83	499.8	1800	145	72.63	69.1	0.173	1.0	-0.22	2.74	1.00	0.00	0.16	111115
"11:25:56 6A145"
"11:35:47 3B608"
28	"11:37:36"	8801.0	0	8.18	0.0684	191	2.29	2.39	25.01	1	2.52	1	5.04	25.76	25.01	24.83	401.95	400.13	10.417	10.869	22.74	23.73	499.8	1800	1546	72.63	69.1	0.173	1.0	-0.22	2.74	1.00	0.00	0.16	111115
29	"11:38:12"	8837.0	0	9.4	0.0671	157	2.48	2.65	26.29	1	2.52	1	5.04	26.80	26.29	26.16	402.58	400.50	10.345	10.836	21.24	22.25	499.8	1799	1545	72.63	69.1	0.173	0.7	-0.22	2.74	1.00	0.00	0.16	111115
"11:40:51 5A174"
30	"11:43:36"	9161.0	0	10.1	0.0616	119	2.22	2.58	25.88	1	2.52	1	5.04	26.83	25.88	25.81	402.68	400.47	10.187	10.627	20.87	21.77	499.8	1800	162	72.62	69.1	0.173	0.7	-0.22	2.74	1.00	0.00	0.16	111115
31	"11:43:48"	9173.0	0	9.28	0.0645	153	2.14	2.38	24.84	1	2.52	1	5.04	26.33	24.84	24.72	402.40	400.37	10.195	10.620	21.52	22.42	499.8	1800	160	72.62	69.1	0.173	1.0	-0.22	2.74	1.00	0.00	0.16	111115
"11:46:49 3C153"
32	"11:50:19"	9564.5	0	10.2	0.0759	169	2.58	2.44	25.31	1	2.52	1	5.04	26.47	25.31	25.18	404.01	401.77	10.497	11.008	21.98	23.05	499.8	1800	624	72.63	69.1	0.173	0.7	-0.22	2.74	1.00	0.00	0.16	111115
33	"11:50:27"	9572.0	0	9.91	0.0797	185	2.57	2.32	24.67	1	2.52	1	5.04	26.13	24.67	24.54	403.95	401.76	10.515	11.024	22.46	23.55	499.8	1799	625	72.63	69.1	0.173	0.7	-0.22	2.74	1.00	0.00	0.16	111115
"11:51:34 Lamp: ParIn ->  1800 uml"
"11:51:34 CO2 Mixer: CO2S -> 400 uml"
"11:51:34 Coolers: Tleaf -> 27.00 C"
"11:51:34 Flow: Fixed -> 500 umol/s"
"11:54:19 1C42"
"12:00:00 1C57"
"12:07:09 Flow: Fixed -> 500 umol/s"
34	"12:10:45"	10788.0	0	4.17	0.0192	39	0.723	2.66	26.67	1	2.52	1	5.04	27.45	26.67	26.54	401.42	400.52	11.606	11.749	22.94	23.22	499.9	1800	514	72.62	71.1	0.271	0.7	-0.22	2.74	1.00	0.00	0.16	111115
35	"12:11:13"	10816.5	0	2.77	0.0141	71.3	0.489	2.46	25.69	1	2.52	1	5.04	26.87	25.69	25.48	401.25	400.65	11.602	11.698	23.73	23.92	499.9	1799	520	72.62	71.1	0.271	0.7	-0.22	2.74	1.00	0.00	0.16	111115
"12:14:47 6B10"
"12:24:16 6B05"
36	"12:25:32"	11675.5	0	2.09	0.00968	41.6	0.356	2.6	25.94	1	2.52	1	5.04	27.19	25.94	25.80	401.95	401.51	10.475	10.546	21.00	21.14	499.8	1800	338	72.58	71.1	0.271	0.7	-0.22	2.74	1.00	0.00	0.16	111115
37	"12:26:51"	11755.0	0	2.17	0.01	40	0.37	2.61	25.95	1	2.52	1	5.04	27.19	25.95	25.82	401.69	401.22	10.307	10.380	20.67	20.81	499.8	1802	330	72.58	71.1	0.271	0.7	-0.22	2.74	1.00	0.00	0.16	111115
"12:30:01 3D880"
"12:31:40 3D891"
38	"12:33:13"	12137.5	0	3.58	0.0453	250	1.91	2.99	27.45	1	2.52	1	5.04	25.99	27.45	27.24	400.65	399.79	8.992	9.370	19.36	20.17	499.8	1800	465	72.61	71.1	0.271	0.7	-0.22	2.74	1.00	0.00	0.16	111115
"12:38:45 3D863"
"12:40:21 Flow: Fixed -> 500 umol/s"
"12:41:30 6D60"
39	"12:43:08"	12730.5	0	13.2	0.303	307	9.95	2.46	24.85	1	2.52	1	5.04	25.04	24.85	24.63	403.21	399.77	7.568	9.538	17.23	21.72	499.9	1801	77	72.6	68.9	0.205	0.7	-0.22	2.74	1.00	0.00	0.16	111115
40	"12:43:22"	12745.0	0	12.2	0.305	312	10	2.46	24.83	1	2.52	1	5.04	24.97	24.83	24.62	402.38	399.13	7.532	9.515	17.22	21.76	499.9	1800	73	72.6	68.9	0.205	0.7	-0.22	2.74	1.00	0.00	0.16	111115
"12:46:10 1A250"
"12:47:12 Lamp: ParIn ->  1800 uml"
"12:47:12 CO2 Mixer: CO2S -> 400 uml"
"12:47:12 Coolers: Tleaf -> 27.00 C"
"12:47:12 Flow: Fixed -> 500 umol/s"
