"OPEN 6.2.4"
"Mon Aug  5 2019 10:08:21"
<open><version>"6.2.4"</version></open>
<open><configfile>"/User/Configs/UserPrefs/2x3 LED.xml"</configfile></open>
<open><light><source>"6400-02 or -02B LED Source"</source><par_in>1<sensor>"SI-3781"<cal>-0.93<actinity>1.00</actinity><transm>1.00</transm></cal></sensor><transm>1</transm></par_in><par_out>1<sensor>"Q49599"<cal>7.26</cal></sensor></par_out></light></open>
<open><comps><file>"/User/Configs/Comps/StdComps_6.2"<header>""</header><extras></extras></file><energybal>no<f_parIn>1</f_parIn><f_parOut>0</f_parOut><alphaK>0.16</alphaK></energybal><bc_total>5.036<stomatal_ratio>1</stomatal_ratio><bc_oneside>2.518<type>2</type><table>"/Sys/Lib/StdBLCTable"</table><area>1</area><slope>-0.219565</slope><offset>2.73739</offset><fan>5</fan></bc_oneside></bc_total></comps></open>
<open><prompts><onlog>off</onlog><items>"Default (none)"</items></prompts></open>
<open><constants><oxygen>21 %</oxygen><bb_vapor>1.5</bb_vapor><bb_oxy>0.9</bb_oxy></constants></open>
<open><stability><items>"Std Stability"<items[1]><id>-2</id><size>15</size><pcv><onoff>0</onoff><value>1</value></pcv><std><onoff>0</onoff><value>1</value></std><slp><onoff>1</onoff><value>1</value></slp></items[1]><items[2]><id>-5</id><size>15</size><pcv><onoff>0</onoff><value>1</value></pcv><std><onoff>0</onoff><value>1</value></std><slp><onoff>1</onoff><value>1</value></slp></items[2]><items[3]><id>-7</id><size>15</size><pcv><onoff>0</onoff><value>1</value></pcv><std><onoff>0</onoff><value>1</value></std><slp><onoff>1</onoff><value>1</value></slp></items[3]></items></stability></open>
<open><log><format>"StdLogFmt_6.0"<items>{ -35 -21 -36 -76 30 23 36 21 25 221 -33 111 -34 11 -9 -10 -8 -1 -2 -4 -5 -14 -15 -7 -12 -13 -11 -65 -66 -72 -18 -19 -77 -78 -79 -23  }<hdr>{  }</hdr></items></format><options><beep>on</beep><hdr>normal</hdr><rem>normal</rem><stab>no</stab><stats>no<mean>no</mean><file>no</file><period>15</period></stats><excel>yes</excel><controls>yes</controls><comm>no</comm></options><datafile>"/User/08052019_maxfield1"</datafile><button><action>"Normal Log"<code>" LogOneObsManual "</code></action></button><autoprog>"/User/Configs/AutoProgs/AutoLog2"<active>no</active></autoprog></log></open>
<open><a2d><avgtime>4.0 secs</avgtime><userchans><ch20>"Off"</ch20><ch21>"Off"</ch21><ch22>"Off"</ch22><ch23>"Off"</ch23></userchans></a2d></open>
<open><matching><type>0</type><disp>'a'</disp><settings><CO2Limit>10.0</CO2Limit><H2OLimit>1.0</H2OLimit><MaxAutoTime>60</MaxAutoTime></settings></matching></open>
<li6400><factory><unit>"PSC-3840"</unit><serviced>"1 Jul 2013"</serviced><fuseaware>0</fuseaware><co2mixer>yes</co2mixer><co2><coeffs>{ 0 0.213319 2.22998e-05 2.13159e-08 -3.88664e-12 3.69888e-16  }</coeffs><dvdt>-4.7</dvdt><xs>{ 0.0009 -0.0002  }</xs></co2><h2o><coeffs>{ 0 0.00572751 2.23485e-06 -7.37877e-12  }</coeffs><dvdt>-1.7</dvdt><xs>{ 0.0009 -0.0028  }</xs></h2o><flow>{ 0 0.3568  }</flow><press>{ 88.437 0.00551  }</press></factory></li6400>
<li6400><user><flow_zero>-625.0</flow_zero><irga_zero><co2>312.5 -1015.6<at>22.5519</at></co2><h2o>2773.4 2929.7<at>24.1925</at></h2o></irga_zero><irga_span><co2>{ 0.99237 0.992833  }</co2><h2o>{ 1.00426 0.996799  }</h2o></irga_span><irga_match><co2>{ 0.926391 -10.116  }</co2><h2o>{ 0.304293 0.463884  }</h2o></irga_match><co2_mixer><pump_mv>4500</pump_mv><ppm>{ 2735.82 1195.49 437.076 256.807 112.958 64.2349 41.6467 36.8578  }</ppm><mv>{ 5000 3000 1500 1000 500 300 200 100  }</mv></co2_mixer><parin_offset>0</parin_offset><led_cal><unit>"SI-3781"</unit><mv>{ 10 25 50 100 1000 2000 3000 4000 5000  }</mv><qntm>{ 4.69642 15.4417 35.4805 82.2863 972.665 1922.29 2824.32 3690.14 4518.2  }</qntm></led_cal><lcf_cal><unit>"unknown"</unit><red><mv>{ 50 100 500 1000 1500 5000  }</mv><qntm>{ 50 100 500 1000 2000 5000  }</qntm></red><blue><mv>{ 100 200 500 1000 2000 5000  }</mv><qntm>{ 10 20 50 100 200 500  }</qntm></blue></lcf_cal></user></li6400>
"10:09:20 653"
$STARTOFDATA$
"Obs"	"HHMMSS"	"FTime"	"EBal?"	"Photo"	"Cond"	"Ci"	"Trmmol"	"VpdL"	"CTleaf"	"Area"	"BLC_1"	"StmRat"	"BLCond"	"Tair"	"Tleaf"	"TBlk"	"CO2R"	"CO2S"	"H2OR"	"H2OS"	"RH_R"	"RH_S"	"Flow"	"PARi"	"PARo"	"Press"	"CsMch"	"HsMch"	"StableF"	"BLCslope"	"BLCoffst"	"f_parin"	"f_parout"	"alphaK"	"Status"
"10:10:44 Flow: Fixed -> 500 umol/s"
"10:11:56 Flow: Fixed -> 500 umol/s"
1	"10:15:29"	498.5	0	12.9	0.134	219	6.01	3.27	25.42	1	2.52	1	5.04	23.75	25.42	25.02	402.10	399.03	-1.339	-0.137	-3.30	-0.34	499.9	1801	88	72.75	-14.3	0.347	0.7	-0.22	2.74	1.00	0.00	0.16	111115
2	"10:16:06"	535.5	0	6.23	0.127	295	5.72	3.28	25.47	1	2.52	1	5.04	25.26	25.47	25.22	402.23	400.52	-1.316	-0.171	-2.96	-0.39	499.7	1799	89	72.74	-14.3	0.347	0.7	-0.22	2.74	1.00	0.00	0.16	111115
"10:19:29 5"
"10:20:08 5b_5"
3	"10:21:57"	886.0	0	33.3	0.155	30.3	6.82	3.23	25.26	1	2.52	1	5.04	29.17	25.26	31.56	406.54	399.34	-1.435	-0.071	-2.57	-0.13	499.9	1800	80	72.73	-14.3	0.347	1.0	-0.22	2.74	1.00	0.00	0.16	111115
4	"10:23:51"	1000.0	0	37	0.153	-12.8	7.28	3.47	26.45	1	2.52	1	5.04	30.69	26.45	32.98	406.89	398.90	-1.561	-0.105	-2.56	-0.17	499.9	1800	80	72.73	-14.3	0.347	1.0	-0.22	2.74	1.00	0.00	0.16	111115
"10:28:37 3d_889"
5	"10:30:01"	1371.0	0	12.1	0.0568	39.3	2.8	3.53	26.46	1	2.52	1	5.04	28.76	26.46	29.93	402.87	400.22	-1.472	-0.912	-2.70	-1.67	499.9	1799	541	72.74	-14.3	0.347	0.7	-0.22	2.74	1.00	0.00	0.16	111115
6	"10:31:25"	1454.5	0	14.4	0.0604	-1.95	3.02	3.6	26.79	1	2.52	1	5.04	29.05	26.79	30.10	402.87	399.75	-1.466	-0.861	-2.64	-1.55	499.9	1801	536	72.74	-14.3	0.347	1.0	-0.22	2.74	1.00	0.00	0.16	111115
"10:34:13 2c_396"
"10:34:43 actually_2c_296"
"10:38:28 Flow: Fixed -> 500 umol/s"
"10:46:13 2c_261"
"10:49:26 Lamp: ParIn ->  1800 uml"
"10:49:26 CO2 Mixer: CO2S -> 400 uml"
"10:49:26 Coolers: Tleaf -> 27.00 C"
"10:49:26 Flow: Fixed -> 500 umol/s"
"10:51:29 Flow: Fixed -> 500 umol/s"
"10:53:24 2c_267"
7	"10:55:21"	2890.5	0	30.1	0.129	4.44	6.19	3.49	26.57	1	2.52	1	5.04	27.93	26.57	26.41	407.71	401.19	-1.236	0.003	-2.38	0.01	499.8	1799	88	72.73	-11.8	0.405	0.7	-0.22	2.74	1.00	0.00	0.16	111115
"10:58:33 3a_638"
"11:00:21 Flow: Fixed -> 500 umol/s"
8	"11:01:49"	3278.0	0	25.1	0.139	87.8	5.8	3.05	24.34	1	2.52	1	5.04	24.62	24.34	24.06	404.91	399.43	-1.054	0.106	-2.47	0.25	499.9	1801	92	72.72	-11.8	0.432	1.0	-0.22	2.74	1.00	0.00	0.16	111115
9	"11:02:45"	3334.5	0	20.8	0.137	134	5.56	2.98	23.92	1	2.52	1	5.04	25.10	23.92	23.69	405.50	400.88	-1.079	0.034	-2.45	0.08	499.7	1800	95	72.72	-11.8	0.432	1.0	-0.22	2.74	1.00	0.00	0.16	111115
"11:05:39 4d_30"
10	"11:08:01"	3651.0	0	8.6	0.073	186	3.5	3.45	26.27	1	2.52	1	5.04	26.81	26.27	27.19	401.34	399.34	-1.013	-0.313	-2.08	-0.64	499.8	1799	170	72.72	-11.8	0.432	1.0	-0.22	2.74	1.00	0.00	0.16	111115
11	"11:08:43"	3693.0	0	11.6	0.0739	123	3.59	3.5	26.54	1	2.52	1	5.04	27.36	26.54	27.97	401.61	398.99	-1.008	-0.289	-2.00	-0.57	499.8	1799	188	72.72	-11.8	0.432	0.7	-0.22	2.74	1.00	0.00	0.16	111115
"11:10:00 4b_212"
"11:19:07 178"
"11:20:10 Lamp: ParIn ->  1800 uml"
"11:20:10 CO2 Mixer: CO2S -> 400 uml"
"11:20:10 Coolers: Tleaf -> 27.00 C"
"11:20:10 Flow: Fixed -> 500 umol/s"
"11:20:18 178"
12	"11:20:27"	4396.0	0	34.3	0.127	-57	6.27	3.59	27.42	1	2.52	1	5.04	26.77	27.42	26.46	406.07	398.72	-0.209	1.044	-0.43	2.15	499.9	1800	1276	72.71	-11.8	0.432	0.7	-0.22	2.74	1.00	0.00	0.16	111115
13	"11:21:12"	4441.0	0	29.7	0.128	4.64	6.26	3.55	27.26	1	2.52	1	5.04	26.46	27.26	26.02	405.82	399.38	-0.129	1.123	-0.27	2.35	499.9	1799	1252	72.71	-11.8	0.432	1.0	-0.22	2.74	1.00	0.00	0.16	111115
14	"11:21:58"	4486.5	0	29.9	0.129	3.12	6.22	3.52	27.11	1	2.52	1	5.04	26.26	27.11	25.80	405.92	399.44	-0.060	1.183	-0.13	2.51	499.9	1799	987	72.71	-11.8	0.432	1.0	-0.22	2.74	1.00	0.00	0.16	111115
"11:25:39 4"
15	"11:28:15"	4864.0	0	19.4	0.086	17.8	4.2	3.52	27.01	1	2.52	1	5.04	27.70	27.01	28.17	403.99	399.78	-0.014	0.826	-0.03	1.61	499.9	1801	77	72.72	-11.8	0.432	0.7	-0.22	2.74	1.00	0.00	0.16	111115
16	"11:30:10"	4979.5	0	22	0.0833	-42.9	4.12	3.56	27.20	1	2.52	1	5.04	27.76	27.20	28.15	404.02	399.29	-0.031	0.792	-0.06	1.54	499.9	1799	76	72.72	-11.8	0.432	1.0	-0.22	2.74	1.00	0.00	0.16	111115
"11:35:04 2b_188"
17	"11:36:22"	5352.0	0	53.1	0.27	53.1	12.5	3.44	27.24	1	2.52	1	5.04	27.29	27.24	27.10	410.51	398.90	0.075	2.566	0.15	5.13	499.9	1801	904	72.71	-11.8	0.432	1.0	-0.22	2.74	1.00	0.00	0.16	111115
18	"11:36:58"	5388.5	0	54.2	0.271	46.4	12.4	3.42	27.15	1	2.52	1	5.04	27.12	27.15	26.94	410.35	398.51	0.083	2.563	0.17	5.17	499.9	1800	869	72.71	-11.8	0.432	1.0	-0.22	2.74	1.00	0.00	0.16	111115
"11:39:43 136"
"11:43:28 6a_145"
"11:45:36 Lamp: ParIn ->  1800 uml"
"11:45:36 CO2 Mixer: CO2S -> 400 uml"
"11:45:36 Coolers: Tleaf -> 27.00 C"
"11:45:37 Flow: Fixed -> 500 umol/s"
"11:47:31 Lamp: ParIn ->  1800 uml"
"11:47:31 CO2 Mixer: CO2S -> 400 uml"
"11:47:31 Coolers: Tleaf -> 27.00 C"
"11:47:31 Flow: Fixed -> 500 umol/s"
"11:50:34 Flow: Fixed -> 500 umol/s"
"11:53:13 Lamp: ParIn ->  1800 uml"
"11:53:13 CO2 Mixer: CO2S -> 400 uml"
"11:53:13 Coolers: Tleaf -> 27.00 C"
"11:53:13 Flow: Fixed -> 500 umol/s"
"11:53:22 6a_128"
19	"11:53:31"	6381.0	0	15.7	0.0786	57	3.85	3.52	27.18	1	2.52	1	5.04	26.69	27.18	27.51	403.14	399.69	0.560	1.329	1.16	2.75	499.9	1881	124	72.68	-9.86	0.483	0.7	-0.22	2.74	1.00	0.00	0.16	111115
20	"11:54:16"	6425.0	0	16.7	0.0732	13	3.56	3.49	27.06	1	2.52	1	5.04	26.15	27.06	25.65	402.79	399.16	0.656	1.367	1.40	2.92	499.9	1800	113	72.68	-9.86	0.483	0.7	-0.22	2.74	1.00	0.00	0.16	111115
"11:56:53 5a_197"
21	"11:57:52"	6641.5	0	18	0.0805	20.7	3.8	3.4	26.61	1	2.52	1	5.04	29.32	26.61	31.61	403.21	399.31	0.619	1.379	1.10	2.45	499.8	1800	82	72.69	-9.86	0.483	0.7	-0.22	2.74	1.00	0.00	0.16	111115
22	"11:58:38"	6687.5	0	16	0.082	63.3	4.09	3.59	27.53	1	2.52	1	5.04	31.06	27.53	33.06	403.08	399.55	0.564	1.382	0.91	2.22	499.8	1801	87	72.69	-9.86	0.483	1.0	-0.22	2.74	1.00	0.00	0.16	111115
"12:01:41 6c_81"
"12:04:03 6c_85"
23	"12:05:13"	7082.5	0	9.26	0.0425	34.3	1.98	3.33	26.31	1	2.52	1	5.04	26.77	26.31	26.14	403.99	401.98	1.047	1.443	2.16	2.97	499.8	1800	492	72.68	-9.86	0.483	0.7	-0.22	2.74	1.00	0.00	0.16	111115
"12:09:11 4a_16"
"12:12:55 Flow: Fixed -> 500 umol/s"
24	"12:17:45"	7834.5	0	18.4	0.0872	43.7	3.59	2.98	24.43	1	2.52	1	5.04	25.68	24.43	24.26	405.32	401.35	0.554	1.272	1.22	2.79	499.9	1800	1016	72.7	-10.4	0.464	0.7	-0.22	2.74	1.00	0.00	0.16	111115
"12:20:03 3b_604"
25	"12:22:50"	8140.0	0	4.71	0.0218	35.8	1.06	3.46	26.61	1	2.52	1	5.04	26.79	26.61	26.44	401.49	400.46	0.287	0.499	0.59	1.03	499.9	1799	565	72.69	-10.4	0.464	0.7	-0.22	2.74	1.00	0.00	0.16	111115
"12:26:30 1a_246"
26	"12:27:58"	8448.0	0	13.6	0.0938	140	5.13	3.93	29.03	1	2.52	1	5.04	28.07	29.03	28.76	403.48	400.34	0.287	1.312	0.55	2.50	499.8	1799	459	72.69	-10.4	0.464	1.0	-0.22	2.74	1.00	0.00	0.16	111115
27	"12:28:59"	8509.0	0	15	0.103	143	5.16	3.61	27.63	1	2.52	1	5.04	28.24	27.63	27.46	403.80	400.39	0.426	1.457	0.81	2.75	499.8	1800	543	72.69	-10.4	0.464	0.7	-0.22	2.74	1.00	0.00	0.16	111115
"12:31:01 6b_23"
28	"12:32:29"	8719.5	0	16.9	0.0984	100	4.53	3.33	26.28	1	2.52	1	5.04	26.58	26.28	26.19	402.77	399.02	0.480	1.386	1.00	2.88	499.9	1800	1144	72.66	-10.4	0.464	1.0	-0.22	2.74	1.00	0.00	0.16	111115
29	"12:34:30"	8839.5	0	18	0.0959	80	4.18	3.15	25.39	1	2.52	1	5.04	26.62	25.39	25.16	405.24	401.32	0.624	1.458	1.29	3.03	499.7	1800	1167	72.66	-10.4	0.464	0.7	-0.22	2.74	1.00	0.00	0.16	111115
"12:36:43 5c_221"
30	"12:38:25"	9075.0	0	25	0.123	51	5.87	3.46	27.07	1	2.52	1	5.04	26.71	27.07	26.90	405.68	400.21	0.618	1.791	1.28	3.70	499.8	1800	1617	72.68	-10.4	0.464	0.7	-0.22	2.74	1.00	0.00	0.16	111115
31	"12:39:05"	9115.0	0	26.1	0.12	28.7	4.96	3.02	24.79	1	2.52	1	5.04	25.61	24.79	24.61	405.40	399.78	0.642	1.634	1.42	3.60	499.8	1801	1869	72.68	-10.4	0.464	0.7	-0.22	2.74	1.00	0.00	0.16	111115
"12:40:54 4c_188"
"12:43:24 4c_190"
32	"12:46:00"	9530.5	0	9.97	0.0817	181	3.57	3.15	25.35	1	2.52	1	5.04	26.41	25.35	25.14	402.07	399.79	0.559	1.272	1.18	2.68	499.9	1799	873	72.69	-10.4	0.464	0.7	-0.22	2.74	1.00	0.00	0.16	111115
33	"12:46:54"	9584.5	0	18.4	0.0739	-18.3	3.26	3.18	25.45	1	2.52	1	5.04	25.70	25.45	25.33	403.50	399.55	0.575	1.226	1.26	2.69	499.9	1801	980	72.69	-10.4	0.464	1.0	-0.22	2.74	1.00	0.00	0.16	111115
"12:49:32 3c_153"
34	"12:53:19"	9970.0	0	40.5	0.13	-123	6.28	3.51	27.38	1	2.52	1	5.04	26.42	27.38	27.07	406.86	398.26	0.768	2.022	1.61	4.25	499.8	1800	1227	72.69	-10.4	0.464	0.7	-0.22	2.74	1.00	0.00	0.16	111115
35	"12:53:50"	10000.5	0	33.2	0.146	14.6	6.13	3.06	25.18	1	2.52	1	5.04	26.49	25.18	24.92	408.58	401.44	0.838	2.063	1.75	4.32	499.8	1800	576	72.69	-10.4	0.464	0.7	-0.22	2.74	1.00	0.00	0.16	111115
36	"12:54:03"	10013.5	0	33.4	0.145	8.86	6.09	3.06	25.17	1	2.52	1	5.04	26.10	25.17	24.86	406.55	399.39	0.863	2.080	1.85	4.45	499.9	1800	510	72.69	-10.4	0.464	0.7	-0.22	2.74	1.00	0.00	0.16	111115
"12:58:17 6d_62"
"13:02:45 Lamp: ParIn ->  1800 uml"
"13:02:45 CO2 Mixer: CO2S -> 400 uml"
"13:02:45 Coolers: Tleaf -> 27.00 C"
"13:02:45 Flow: Fixed -> 500 umol/s"
"13:04:40 Flow: Fixed -> 500 umol/s"
37	"13:06:17"	10746.5	0	18.1	0.0789	14.5	3.41	3.12	25.30	1	2.52	1	5.04	26.09	25.30	25.01	404.10	400.22	0.932	1.614	2.00	3.46	499.9	1799	147	72.66	-10.6	0.521	0.7	-0.22	2.74	1.00	0.00	0.16	111115
"13:06:27 Lamp: ParIn ->  1800 uml"
"13:06:27 CO2 Mixer: CO2S -> 400 uml"
"13:06:27 Coolers: Tleaf -> 27.00 C"
"13:06:27 Flow: Fixed -> 500 umol/s"
38	"13:08:28"	10877.0	0	17.8	0.0766	9.95	3.32	3.12	25.26	1	2.52	1	5.04	26.68	25.26	25.05	404.50	400.68	0.824	1.487	1.70	3.08	499.8	1801	209	72.66	-10.6	0.521	0.7	-0.22	2.74	1.00	0.00	0.16	111115
"13:10:51 5d_250"
"13:18:39 5d_287"
"13:20:43 5d_252"
"13:24:15 1c_46"
"13:27:33 Flow: Fixed -> 500 umol/s"
39	"13:29:02"	12111.0	0	21.5	0.0943	14.4	4.13	3.17	25.43	1	2.52	1	5.04	26.30	25.43	25.23	404.27	399.64	0.436	1.261	0.92	2.67	499.9	1801	1125	72.69	-8.42	0.551	1.0	-0.22	2.74	1.00	0.00	0.16	111115
40	"13:30:04"	12173.0	0	20.9	0.0961	31.3	4.15	3.13	25.18	1	2.52	1	5.04	26.37	25.18	24.97	404.46	399.95	0.403	1.232	0.85	2.60	499.8	1799	1143	72.68	-8.42	0.551	0.7	-0.22	2.74	1.00	0.00	0.16	111115
"13:32:20 2a_167"
41	"13:34:15"	12424.5	0	18.5	0.127	141	6.12	3.5	27.11	1	2.52	1	5.04	26.82	27.11	26.89	403.46	399.28	0.238	1.462	0.49	3.00	499.9	1799	1132	72.68	-8.42	0.551	0.7	-0.22	2.74	1.00	0.00	0.16	111115
42	"13:34:59"	12468.5	0	22	0.138	120	5.85	3.09	25.06	1	2.52	1	5.04	25.94	25.06	24.83	403.27	398.41	0.261	1.429	0.56	3.09	499.9	1801	1142	72.68	-8.42	0.551	0.7	-0.22	2.74	1.00	0.00	0.16	111115
"13:37:24 2d_215"
43	"13:38:41"	12690.5	0	10.3	0.0704	145	3.03	3.1	24.90	1	2.52	1	5.04	26.33	24.90	24.69	403.03	400.72	0.216	0.821	0.46	1.74	499.8	1800	1566	72.68	-8.42	0.551	1.0	-0.22	2.74	1.00	0.00	0.16	111115
44	"13:39:34"	12744.0	0	13.9	0.0645	33.8	3.19	3.55	27.14	1	2.52	1	5.04	26.91	27.14	26.88	403.40	400.36	0.172	0.810	0.35	1.65	499.8	1801	1603	72.68	-8.42	0.551	0.7	-0.22	2.74	1.00	0.00	0.16	111115
