"OPEN 6.2.4"
"Wed Aug  7 2019 09:47:52"
<open><version>"6.2.4"</version></open>
<open><configfile>"/User/Configs/UserPrefs/2x3 LED.xml"</configfile></open>
<open><light><source>"6400-02 or -02B LED Source"</source><par_in>1<sensor>"SI-3781"<cal>-0.93<actinity>1.00</actinity><transm>1.00</transm></cal></sensor><transm>1</transm></par_in><par_out>1<sensor>"Q49599"<cal>7.26</cal></sensor></par_out></light></open>
<open><comps><file>"/User/Configs/Comps/StdComps_6.2"<header>""</header><extras></extras></file><energybal>no<f_parIn>1</f_parIn><f_parOut>0</f_parOut><alphaK>0.16</alphaK></energybal><bc_total>5.036<stomatal_ratio>1</stomatal_ratio><bc_oneside>2.518<type>2</type><table>"/Sys/Lib/StdBLCTable"</table><area>1</area><slope>-0.219565</slope><offset>2.73739</offset><fan>5</fan></bc_oneside></bc_total></comps></open>
<open><prompts><onlog>off</onlog><items>"Default (none)"</items></prompts></open>
<open><constants><oxygen>21 %</oxygen><bb_vapor>1.5</bb_vapor><bb_oxy>0.9</bb_oxy></constants></open>
<open><stability><items>"Std Stability"<items[1]><id>-2</id><size>15</size><pcv><onoff>0</onoff><value>1</value></pcv><std><onoff>0</onoff><value>1</value></std><slp><onoff>1</onoff><value>1</value></slp></items[1]><items[2]><id>-5</id><size>15</size><pcv><onoff>0</onoff><value>1</value></pcv><std><onoff>0</onoff><value>1</value></std><slp><onoff>1</onoff><value>1</value></slp></items[2]><items[3]><id>-7</id><size>15</size><pcv><onoff>0</onoff><value>1</value></pcv><std><onoff>0</onoff><value>1</value></std><slp><onoff>1</onoff><value>1</value></slp></items[3]></items></stability></open>
<open><log><format>"StdLogFmt_6.0"<items>{ -35 -21 -36 -76 30 23 36 21 25 221 -33 111 -34 11 -9 -10 -8 -1 -2 -4 -5 -14 -15 -7 -12 -13 -11 -65 -66 -72 -18 -19 -77 -78 -79 -23  }<hdr>{  }</hdr></items></format><options><beep>on</beep><hdr>normal</hdr><rem>normal</rem><stab>no</stab><stats>no<mean>no</mean><file>no</file><period>15</period></stats><excel>yes</excel><controls>yes</controls><comm>no</comm></options><datafile>"/User/08072019_maxfield"</datafile><button><action>"Normal Log"<code>" LogOneObsManual "</code></action></button><autoprog>"/User/Configs/AutoProgs/AutoLog2"<active>no</active></autoprog></log></open>
<open><a2d><avgtime>4.0 secs</avgtime><userchans><ch20>"Off"</ch20><ch21>"Off"</ch21><ch22>"Off"</ch22><ch23>"Off"</ch23></userchans></a2d></open>
<open><matching><type>0</type><disp>'a'</disp><settings><CO2Limit>10.0</CO2Limit><H2OLimit>1.0</H2OLimit><MaxAutoTime>60</MaxAutoTime></settings></matching></open>
<li6400><factory><unit>"PSC-3840"</unit><serviced>"1 Jul 2013"</serviced><fuseaware>0</fuseaware><co2mixer>yes</co2mixer><co2><coeffs>{ 0 0.213319 2.22998e-05 2.13159e-08 -3.88664e-12 3.69888e-16  }</coeffs><dvdt>-4.7</dvdt><xs>{ 0.0009 -0.0002  }</xs></co2><h2o><coeffs>{ 0 0.00572751 2.23485e-06 -7.37877e-12  }</coeffs><dvdt>-1.7</dvdt><xs>{ 0.0009 -0.0028  }</xs></h2o><flow>{ 0 0.3568  }</flow><press>{ 88.437 0.00551  }</press></factory></li6400>
<li6400><user><flow_zero>-625.0</flow_zero><irga_zero><co2>546.9 -820.3<at>22.8223</at></co2><h2o>2773.4 2929.7<at>24.1925</at></h2o></irga_zero><irga_span><co2>{ 0.99237 0.992833  }</co2><h2o>{ 1.00426 0.996799  }</h2o></irga_span><irga_match><co2>{ 1.34896 -16.368  }</co2><h2o>{ 0.304293 0.382899  }</h2o></irga_match><co2_mixer><pump_mv>4500</pump_mv><ppm>{ 2721.79 1177.82 422.051 244.777 101.571 52.9988 30.5307 25.5451  }</ppm><mv>{ 5000 3000 1500 1000 500 300 200 100  }</mv></co2_mixer><parin_offset>0</parin_offset><led_cal><unit>"SI-3781"</unit><mv>{ 10 25 50 100 1000 2000 3000 4000 5000  }</mv><qntm>{ 4.69642 15.4417 35.4805 82.2863 972.665 1922.29 2824.32 3690.14 4518.2  }</qntm></led_cal><lcf_cal><unit>"unknown"</unit><red><mv>{ 50 100 500 1000 1500 5000  }</mv><qntm>{ 50 100 500 1000 2000 5000  }</qntm></red><blue><mv>{ 100 200 500 1000 2000 5000  }</mv><qntm>{ 10 20 50 100 200 500  }</qntm></blue></lcf_cal></user></li6400>
"09:50:28 2b_187"
$STARTOFDATA$
"Obs"	"HHMMSS"	"FTime"	"EBal?"	"Photo"	"Cond"	"Ci"	"Trmmol"	"VpdL"	"CTleaf"	"Area"	"BLC_1"	"StmRat"	"BLCond"	"Tair"	"Tleaf"	"TBlk"	"CO2R"	"CO2S"	"H2OR"	"H2OS"	"RH_R"	"RH_S"	"Flow"	"PARi"	"PARo"	"Press"	"CsMch"	"HsMch"	"StableF"	"BLCslope"	"BLCoffst"	"f_parin"	"f_parout"	"alphaK"	"Status"
"09:52:06 2b_185"
"09:55:20 Flow: Fixed -> 500 umol/s"
1	"09:57:09"	599.5	0	14	0.0616	13.6	3.18	3.7	26.90	1	2.52	1	5.04	26.02	26.90	26.81	402.28	399.22	-2.571	-1.934	-5.52	-4.15	500.0	1799	232	72.5	-14.6	0.39	0.7	-0.22	2.74	1.00	0.00	0.16	111115
2	"09:57:10"	600.0	0	14	0.0617	15.7	3.19	3.7	26.90	1	2.52	1	5.04	26.02	26.90	26.81	402.29	399.24	-2.571	-1.932	-5.52	-4.15	500.0	1799	232	72.5	-14.6	0.39	0.7	-0.22	2.74	1.00	0.00	0.16	111115
3	"09:58:34"	684.5	0	14.6	0.0644	15.8	3.32	3.7	26.91	1	2.52	1	5.04	26.04	26.91	26.81	402.23	399.05	-2.575	-1.909	-5.52	-4.09	500.0	1801	239	72.5	-14.6	0.39	1.0	-0.22	2.74	1.00	0.00	0.16	111115
"10:01:16 5d_273"
4	"10:04:07"	1017.5	0	13.1	0.0398	-139	1.74	3.12	23.84	1	2.52	1	5.04	23.99	23.84	23.65	401.92	399.16	-2.501	-2.153	-6.06	-5.21	499.9	1801	379	72.49	-14.6	0.39	0.7	-0.22	2.74	1.00	0.00	0.16	111115
5	"10:05:05"	1076.0	0	8.96	0.0401	25.4	1.77	3.16	24.02	1	2.52	1	5.04	24.81	24.02	24.00	402.34	400.41	-2.513	-2.158	-5.79	-4.98	499.9	1801	364	72.49	-14.6	0.39	0.7	-0.22	2.74	1.00	0.00	0.16	111115
6	"10:06:43"	1173.5	0	7.84	0.0385	54.8	1.86	3.46	25.63	1	2.52	1	5.04	26.11	25.63	25.59	402.30	400.58	-2.545	-2.172	-5.43	-4.64	499.9	1799	338	72.49	-14.6	0.39	0.7	-0.22	2.74	1.00	0.00	0.16	111115
"10:09:19 2d_195"
7	"10:12:09"	1500.0	0	42	0.157	-54.1	7.09	3.31	25.22	1	2.52	1	5.04	28.89	25.22	31.25	407.99	399.02	-2.649	-1.229	-4.81	-2.23	499.9	1800	167	72.5	-14.6	0.39	1.0	-0.22	2.74	1.00	0.00	0.16	111115
8	"10:13:02"	1553.0	0	47.2	0.159	-102	7.41	3.42	25.77	1	2.52	1	5.04	29.85	25.77	32.24	407.93	397.90	-2.674	-1.190	-4.59	-2.04	500.0	1801	171	72.5	-14.6	0.39	0.7	-0.22	2.74	1.00	0.00	0.16	111115
9	"10:16:05"	1736.0	0	7.22	0.0807	235	4.23	3.77	27.30	1	2.52	1	5.04	28.73	27.30	27.24	409.38	407.59	-2.606	-1.758	-4.77	-3.22	499.9	1799	155	72.5	-14.6	0.39	0.7	-0.22	2.74	1.00	0.00	0.16	111115
10	"10:16:40"	1771.5	0	16.4	0.0847	65.2	4.23	3.59	26.46	1	2.52	1	5.04	27.01	26.46	26.29	402.50	398.87	-2.576	-1.729	-5.21	-3.50	499.9	1800	160	72.5	-14.6	0.39	0.7	-0.22	2.74	1.00	0.00	0.16	111115
"10:18:07 3b_616"
"10:20:44 Flow: Fixed -> 500 umol/s"
11	"10:23:34"	2184.0	0	26.1	0.0623	-286	3.16	3.63	26.59	1	2.52	1	5.04	26.29	26.59	26.52	401.70	396.22	-2.569	-1.936	-5.43	-4.09	499.9	1801	332	72.49	-13.3	0.43	0.7	-0.22	2.74	1.00	0.00	0.16	111115
12	"10:26:08"	2338.0	0	6.45	0.0699	232	3.15	3.24	24.59	1	2.52	1	5.04	24.31	24.59	24.53	405.54	404.00	-2.529	-1.898	-6.01	-4.51	500.0	1800	358	72.49	-13.3	0.43	0.7	-0.22	2.74	1.00	0.00	0.16	111115
13	"10:26:08"	2338.5	0	10.2	0.0678	140	3.06	3.25	24.62	1	2.52	1	5.04	24.31	24.62	24.57	405.52	403.23	-2.530	-1.917	-6.01	-4.55	500.0	1801	358	72.49	-13.3	0.43	0.7	-0.22	2.74	1.00	0.00	0.16	111115
"10:28:01 6d_71"
"10:36:33 Lamp: ParIn ->  1800 uml"
"10:36:33 CO2 Mixer: CO2S -> 400 uml"
"10:36:33 Coolers: Tleaf -> 27.00 C"
"10:36:33 Flow: Fixed -> 500 umol/s"
"10:39:38 Flow: Fixed -> 500 umol/s"
"10:40:38 Flow: Fixed -> 500 umol/s"
"10:41:42 Flow: Fixed -> 500 umol/s"
14	"10:44:50"	3460.5	0	11	0.0525	44.9	2.57	3.5	25.94	1	2.52	1	5.04	25.73	25.94	25.92	403.24	400.84	-2.405	-1.891	-5.25	-4.12	499.9	1801	292	72.46	-10.8	0.445	0.7	-0.22	2.74	1.00	0.00	0.16	111115
15	"10:45:17"	3488.0	0	11.5	0.054	39.6	2.36	3.13	24.00	1	2.52	1	5.04	24.35	24.00	23.80	402.47	399.97	-2.346	-1.873	-5.56	-4.44	499.9	1800	286	72.46	-10.8	0.445	0.7	-0.22	2.74	1.00	0.00	0.16	111115
"10:47:59 1c_49"
16	"10:51:08"	3839.0	0	11.2	0.0852	168	3.61	3.06	23.79	1	2.52	1	5.04	24.94	23.79	23.54	403.10	400.58	-2.118	-1.395	-4.84	-3.19	499.9	1799	191	72.48	-10.8	0.445	0.7	-0.22	2.74	1.00	0.00	0.16	111115
17	"10:52:13"	3903.5	0	13.7	0.0803	105	3.74	3.36	25.41	1	2.52	1	5.04	25.70	25.41	25.31	403.30	400.27	-2.128	-1.379	-4.65	-3.02	499.9	1799	222	72.48	-10.8	0.445	0.7	-0.22	2.74	1.00	0.00	0.16	111115
"10:53:59 1a_227"
18	"10:55:59"	4129.5	0	20.8	0.0893	8.89	3.92	3.17	24.48	1	2.52	1	5.04	25.48	24.48	24.39	405.60	401.13	-2.040	-1.254	-4.52	-2.78	499.9	1801	486	72.48	-10.8	0.445	0.7	-0.22	2.74	1.00	0.00	0.16	111115
19	"11:00:11"	4382.5	0	20.8	0.0872	-0.655	3.71	3.08	23.96	1	2.52	1	5.04	24.76	23.96	23.75	404.53	400.08	-1.970	-1.226	-4.55	-2.84	499.9	1801	312	72.48	-10.8	0.445	0.7	-0.22	2.74	1.00	0.00	0.16	111115
"11:03:32 6b_15"
20	"11:12:00"	5092.0	0	21.6	0.0937	11.2	4.04	3.12	24.28	1	2.52	1	5.04	25.35	24.28	24.13	405.40	400.75	-1.790	-0.981	-3.99	-2.19	499.8	1800	388	72.45	-10.8	0.445	0.7	-0.22	2.74	1.00	0.00	0.16	111115
"11:15:05 3a_633"
21	"11:21:42"	5673.5	0	7.3	0.0455	125	1.98	3.12	24.11	1	2.52	1	5.04	25.19	24.11	23.94	403.61	401.99	-1.812	-1.415	-4.08	-3.19	499.8	1801	395	72.47	-10.8	0.445	0.7	-0.22	2.74	1.00	0.00	0.16	111115
22	"11:22:53"	5745.5	0	10.2	0.0447	16.4	2.09	3.34	25.32	1	2.52	1	5.04	25.70	25.32	25.30	403.53	401.31	-1.851	-1.431	-4.05	-3.13	499.1	1800	311	72.47	-10.8	0.445	0.3	-0.22	2.74	1.00	0.00	0.16	111115
"11:25:16 2c_261"
"11:33:57 Lamp: ParIn ->  1800 uml"
"11:33:57 CO2 Mixer: CO2S -> 400 uml"
"11:33:57 Coolers: Tleaf -> 27.00 C"
"11:33:57 Flow: Fixed -> 500 umol/s"
"11:37:30 Flow: Fixed -> 500 umol/s"
"11:38:09 Flow: Fixed -> 500 umol/s"
23	"11:39:36"	6746.5	0	14.8	0.0658	20.7	3.37	3.68	26.98	1	2.52	1	5.04	26.41	26.98	26.80	404.57	401.34	-2.068	-1.392	-4.34	-2.92	499.9	1800	332	72.48	-9.28	0.484	0.7	-0.22	2.74	1.00	0.00	0.16	111115
24	"11:42:21"	6911.0	0	15.6	0.0676	8.51	3.49	3.7	27.09	1	2.52	1	5.04	26.48	27.09	26.80	402.58	399.18	-2.100	-1.401	-4.38	-2.92	499.9	1799	345	72.47	-9.28	0.484	1.0	-0.22	2.74	1.00	0.00	0.16	111115
"11:44:52 4b_184"
"11:55:54 Lamp: ParIn ->  1800 uml"
"11:55:54 CO2 Mixer: CO2S -> 400 uml"
"11:55:54 Coolers: Tleaf -> 27.00 C"
"11:55:54 Flow: Fixed -> 500 umol/s"
"11:56:48 Flow: Fixed -> 500 umol/s"
"11:57:42 4b_166"
25	"11:59:02"	7912.5	0	26.3	0.115	13.3	5.35	3.36	25.50	1	2.52	1	5.04	25.70	25.50	25.23	405.93	400.25	-2.202	-1.131	-4.81	-2.47	499.9	1799	493	72.46	-8.4	0.496	0.7	-0.22	2.74	1.00	0.00	0.16	111115
26	"12:01:06"	8036.5	0	17.1	0.112	131	5.41	3.49	26.14	1	2.52	1	5.04	26.01	26.14	26.00	404.77	400.91	-2.219	-1.136	-4.76	-2.44	499.9	1799	480	72.46	-8.4	0.496	0.7	-0.22	2.74	1.00	0.00	0.16	111115
"12:03:30 1d_12"
27	"12:06:12"	8342.0	0	11.1	0.0531	48	2.44	3.29	24.96	1	2.52	1	5.04	25.61	24.96	24.87	403.57	401.16	-2.127	-1.638	-4.67	-3.60	499.8	1801	639	72.46	-8.4	0.496	0.7	-0.22	2.74	1.00	0.00	0.16	111115
28	"12:07:33"	8423.5	0	11.9	0.053	21.5	2.4	3.25	24.73	1	2.52	1	5.04	25.57	24.73	24.62	403.55	400.96	-2.092	-1.612	-4.61	-3.55	499.9	1799	612	72.46	-8.4	0.496	0.7	-0.22	2.74	1.00	0.00	0.16	111115
"12:09:54 5c_203"
"12:13:23 Lamp: ParIn ->  1800 uml"
"12:13:23 CO2 Mixer: CO2S -> 400 uml"
"12:13:24 Coolers: Tleaf -> 27.00 C"
"12:13:24 Flow: Fixed -> 500 umol/s"
29	"12:13:55"	8805.5	0	17.3	0.0798	31.5	3.88	3.5	26.20	1	2.52	1	5.04	26.27	26.20	26.06	404.54	400.76	-1.921	-1.144	-4.06	-2.42	499.9	1799	740	72.45	-8.4	0.496	0.7	-0.22	2.74	1.00	0.00	0.16	111115
30	"12:14:07"	8817.5	0	16.1	0.0846	74.6	3.71	3.16	24.47	1	2.52	1	5.04	25.67	24.47	24.31	404.41	400.88	-1.888	-1.145	-4.13	-2.51	499.8	1800	792	72.44	-8.4	0.496	0.7	-0.22	2.74	1.00	0.00	0.16	111115
"12:16:34 1b_672"
31	"12:18:41"	9091.5	0	26.5	0.131	52.7	5.64	3.13	24.48	1	2.52	1	5.04	24.92	24.48	24.23	405.11	399.35	-1.778	-0.649	-4.07	-1.48	499.8	1800	779	72.45	-8.4	0.496	0.7	-0.22	2.74	1.00	0.00	0.16	111115
32	"12:19:48"	9159.0	0	30.6	0.133	9.06	5.71	3.13	24.50	1	2.52	1	5.04	25.04	24.50	24.25	406.80	400.23	-1.755	-0.612	-3.99	-1.39	499.8	1800	785	72.45	-8.4	0.496	1.0	-0.22	2.74	1.00	0.00	0.16	111115
"12:22:20 5b_292"
"12:30:55 Flow: Fixed -> 500 umol/s"
"12:32:12 Flow: Fixed -> 500 umol/s"
"12:34:28 5b_296"
33	"12:34:56"	10066.5	0	28.1	0.128	21.6	6.36	3.6	27.12	1	2.52	1	5.04	27.20	27.12	26.78	403.55	397.42	-1.152	0.120	-2.30	0.24	499.9	1801	993	72.42	-5.95	0.583	0.7	-0.22	2.74	1.00	0.00	0.16	111115
34	"12:35:16"	10086.0	0	18.3	0.129	148	6.4	3.6	27.12	1	2.52	1	5.04	27.20	27.12	26.78	406.10	401.93	-1.150	0.130	-2.30	0.26	499.9	1800	1072	72.42	-5.95	0.583	0.7	-0.22	2.74	1.00	0.00	0.16	111115
"12:38:41 Lamp: ParIn ->  1800 uml"
"12:38:41 CO2 Mixer: CO2S -> 400 uml"
"12:38:41 Coolers: Tleaf -> 27.00 C"
"12:38:41 Flow: Fixed -> 500 umol/s"
"12:40:25 Flow: Fixed -> 500 umol/s"
"12:40:52 Flow: Fixed -> 500 umol/s"
35	"12:42:28"	10519.0	0	26.3	0.114	5.24	5.64	3.59	27.05	1	2.52	1	5.04	27.31	27.05	26.79	405.59	399.87	-1.079	0.050	-2.14	0.10	499.9	1800	956	72.4	-4.93	0.597	0.7	-0.22	2.74	1.00	0.00	0.16	111115
36	"12:42:43"	10533.0	0	26.4	0.114	5.7	5.67	3.59	27.06	1	2.52	1	5.04	27.32	27.06	26.79	405.42	399.69	-1.082	0.052	-2.15	0.10	499.9	1800	956	72.4	-4.93	0.597	1.0	-0.22	2.74	1.00	0.00	0.16	111115
"12:45:38 4a_65"
37	"12:52:52"	11142.5	0	26.7	0.119	21	5.53	3.35	25.95	1	2.52	1	5.04	26.72	25.95	25.78	407.28	401.50	-0.932	0.174	-1.92	0.36	499.9	1801	415	72.43	-4.93	0.597	0.7	-0.22	2.74	1.00	0.00	0.16	111115
38	"12:53:04"	11155.0	0	20.4	0.125	116	5.39	3.13	24.82	1	2.52	1	5.04	26.21	24.82	24.65	405.32	400.81	-0.918	0.161	-1.95	0.34	499.8	1802	411	72.43	-4.93	0.597	0.7	-0.22	2.74	1.00	0.00	0.16	111115
"12:55:40 2a_263"
39	"12:57:32"	11423.0	0	4.73	0.0959	295	4.17	3.14	24.73	1	2.52	1	5.04	25.51	24.73	24.48	401.49	400.21	-1.036	-0.201	-2.29	-0.44	499.8	1799	272	72.42	-4.93	0.597	0.7	-0.22	2.74	1.00	0.00	0.16	111115
40	"12:58:52"	11503.0	0	9.49	0.0957	217	4.1	3.1	24.46	1	2.52	1	5.04	25.42	24.46	24.22	401.55	399.33	-1.080	-0.259	-2.40	-0.57	499.8	1799	213	72.42	-4.93	0.597	0.7	-0.22	2.74	1.00	0.00	0.16	111115
"12:59:15 real_2a_163"
"13:02:23 6c_121"
"13:09:26 6c_111"
41	"13:13:53"	12405.0	0	6.65	0.0296	24.6	1.36	3.28	25.29	1	2.52	1	5.04	26.07	25.29	25.01	403.18	401.74	-0.885	-0.612	-1.89	-1.31	499.9	1799	1230	72.38	-4.93	0.597	0.7	-0.22	2.74	1.00	0.00	0.16	111115
"13:16:56 3c181"
42	"13:21:24"	12855.5	0	33.5	0.146	8.8	6.28	3.14	24.97	1	2.52	1	5.04	26.40	24.97	24.80	408.09	400.88	-0.813	0.444	-1.70	0.93	499.8	1801	1269	72.4	-4.93	0.597	0.7	-0.22	2.74	1.00	0.00	0.16	111115
"13:29:44 4c_629"
"13:38:23 Flow: Fixed -> 500 umol/s"
"13:39:30 4c_633"
43	"13:39:54"	13964.5	0	9.6	0.0644	141	3.11	3.45	26.96	1	2.52	1	5.04	26.88	26.96	26.66	405.72	403.54	1.007	1.629	2.05	3.32	499.9	1801	1490	72.38	-3.49	0.722	0.7	-0.22	2.74	1.00	0.00	0.16	111115
"13:44:01 3d_865"
44	"13:44:34"	14244.5	0	12.6	0.0925	160	4.46	3.46	27.06	1	2.52	1	5.04	27.81	27.06	26.85	406.80	403.92	0.861	1.752	1.66	3.38	499.9	1800	1544	72.38	-3.49	0.722	0.7	-0.22	2.74	1.00	0.00	0.16	111115
"13:50:11 5a_194"
45	"13:50:32"	14602.5	0	22.6	0.133	100	6.28	3.43	26.82	1	2.52	1	5.04	26.18	26.82	26.68	402.70	397.68	0.338	1.592	0.72	3.38	499.8	1801	1552	72.35	-3.49	0.722	0.7	-0.22	2.74	1.00	0.00	0.16	111115
46	"13:52:25"	14716.0	0	14.6	0.149	216	6.33	3.1	25.15	1	2.52	1	5.04	26.54	25.15	24.97	403.07	399.64	0.233	1.497	0.48	3.11	499.9	1799	1546	72.35	-3.49	0.722	0.7	-0.22	2.74	1.00	0.00	0.16	111115
"13:54:37 4d_52"
47	"13:55:14"	14885.0	0	14.8	0.0799	82.6	3.45	3.11	24.98	1	2.52	1	5.04	26.23	24.98	24.74	402.72	399.49	0.253	0.943	0.53	2.00	499.9	1800	1148	72.36	-3.49	0.722	0.7	-0.22	2.74	1.00	0.00	0.16	111115
48	"13:56:24"	14954.5	0	19	0.0806	3.8	3.57	3.18	25.35	1	2.52	1	5.04	26.68	25.35	25.15	405.01	400.92	0.189	0.902	0.39	1.86	499.8	1800	1230	72.36	-3.49	0.722	0.7	-0.22	2.74	1.00	0.00	0.16	111115
