"OPEN 6.2.4"
"Thr Aug  8 2019 10:34:51"
<open><version>"6.2.4"</version></open>
<open><configfile>"/User/Configs/UserPrefs/2x3 LED.xml"</configfile></open>
<open><light><source>"6400-02 or -02B LED Source"</source><par_in>1<sensor>"SI-3781"<cal>-0.93<actinity>1.00</actinity><transm>1.00</transm></cal></sensor><transm>1</transm></par_in><par_out>1<sensor>"Q49599"<cal>7.26</cal></sensor></par_out></light></open>
<open><comps><file>"/User/Configs/Comps/StdComps_6.2"<header>""</header><extras></extras></file><energybal>no<f_parIn>1</f_parIn><f_parOut>0</f_parOut><alphaK>0.16</alphaK></energybal><bc_total>5.036<stomatal_ratio>1</stomatal_ratio><bc_oneside>2.518<type>2</type><table>"/Sys/Lib/StdBLCTable"</table><area>1</area><slope>-0.219565</slope><offset>2.73739</offset><fan>5</fan></bc_oneside></bc_total></comps></open>
<open><prompts><onlog>off</onlog><items>"Default (none)"</items></prompts></open>
<open><constants><oxygen>21 %</oxygen><bb_vapor>1.5</bb_vapor><bb_oxy>0.9</bb_oxy></constants></open>
<open><stability><items>"Std Stability"<items[1]><id>-2</id><size>15</size><pcv><onoff>0</onoff><value>1</value></pcv><std><onoff>0</onoff><value>1</value></std><slp><onoff>1</onoff><value>1</value></slp></items[1]><items[2]><id>-5</id><size>15</size><pcv><onoff>0</onoff><value>1</value></pcv><std><onoff>0</onoff><value>1</value></std><slp><onoff>1</onoff><value>1</value></slp></items[2]><items[3]><id>-7</id><size>15</size><pcv><onoff>0</onoff><value>1</value></pcv><std><onoff>0</onoff><value>1</value></std><slp><onoff>1</onoff><value>1</value></slp></items[3]></items></stability></open>
<open><log><format>"StdLogFmt_6.0"<items>{ -35 -21 -36 -76 30 23 36 21 25 221 -33 111 -34 11 -9 -10 -8 -1 -2 -4 -5 -14 -15 -7 -12 -13 -11 -65 -66 -72 -18 -19 -77 -78 -79 -23  }<hdr>{  }</hdr></items></format><options><beep>on</beep><hdr>normal</hdr><rem>normal</rem><stab>no</stab><stats>no<mean>no</mean><file>no</file><period>15</period></stats><excel>yes</excel><controls>yes</controls><comm>no</comm></options><datafile>"/User/08082019_maxfield"</datafile><button><action>"Normal Log"<code>" LogOneObsManual "</code></action></button><autoprog>"/User/Configs/AutoProgs/AutoLog2"<active>no</active></autoprog></log></open>
<open><a2d><avgtime>4.0 secs</avgtime><userchans><ch20>"Off"</ch20><ch21>"Off"</ch21><ch22>"Off"</ch22><ch23>"Off"</ch23></userchans></a2d></open>
<open><matching><type>0</type><disp>'a'</disp><settings><CO2Limit>10.0</CO2Limit><H2OLimit>1.0</H2OLimit><MaxAutoTime>60</MaxAutoTime></settings></matching></open>
<li6400><factory><unit>"PSC-3840"</unit><serviced>"1 Jul 2013"</serviced><fuseaware>0</fuseaware><co2mixer>yes</co2mixer><co2><coeffs>{ 0 0.213319 2.22998e-05 2.13159e-08 -3.88664e-12 3.69888e-16  }</coeffs><dvdt>-4.7</dvdt><xs>{ 0.0009 -0.0002  }</xs></co2><h2o><coeffs>{ 0 0.00572751 2.23485e-06 -7.37877e-12  }</coeffs><dvdt>-1.7</dvdt><xs>{ 0.0009 -0.0028  }</xs></h2o><flow>{ 0 0.3568  }</flow><press>{ 88.437 0.00551  }</press></factory></li6400>
<li6400><user><flow_zero>-625.0</flow_zero><irga_zero><co2>156.2 -1289.1<at>28.2605</at></co2><h2o>1289.1 1328.1<at>28.3213</at></h2o></irga_zero><irga_span><co2>{ 0.99237 0.992833  }</co2><h2o>{ 1.00426 0.996799  }</h2o></irga_span><irga_match><co2>{ 0.419543 -17.588  }</co2><h2o>{ 0.0658738 0.266274  }</h2o></irga_match><co2_mixer><pump_mv>4500</pump_mv><ppm>{ 2769.62 1208.77 442.256 260.833 114.336 65.0927 42.1859 37.2531  }</ppm><mv>{ 5000 3000 1500 1000 500 300 200 100  }</mv></co2_mixer><parin_offset>0</parin_offset><led_cal><unit>"SI-3781"</unit><mv>{ 10 25 50 100 1000 2000 3000 4000 5000  }</mv><qntm>{ 4.69642 15.4417 35.4805 82.2863 972.665 1922.29 2824.32 3690.14 4518.2  }</qntm></led_cal><lcf_cal><unit>"unknown"</unit><red><mv>{ 50 100 500 1000 1500 5000  }</mv><qntm>{ 50 100 500 1000 2000 5000  }</qntm></red><blue><mv>{ 100 200 500 1000 2000 5000  }</mv><qntm>{ 10 20 50 100 200 500  }</qntm></blue></lcf_cal></user></li6400>
"10:35:06 6a_168"
$STARTOFDATA$
"Obs"	"HHMMSS"	"FTime"	"EBal?"	"Photo"	"Cond"	"Ci"	"Trmmol"	"VpdL"	"CTleaf"	"Area"	"BLC_1"	"StmRat"	"BLCond"	"Tair"	"Tleaf"	"TBlk"	"CO2R"	"CO2S"	"H2OR"	"H2OS"	"RH_R"	"RH_S"	"Flow"	"PARi"	"PARo"	"Press"	"CsMch"	"HsMch"	"StableF"	"BLCslope"	"BLCoffst"	"f_parin"	"f_parout"	"alphaK"	"Status"
1	"10:40:49"	389.0	0	1.18	0.0561	341	2.23	2.84	23.85	1	2.52	1	5.04	23.96	23.85	23.66	399.26	398.85	1.252	1.698	3.03	4.11	499.9	0	248	72.39	-17.6	0.266	1.0	-0.22	2.74	1.00	0.00	0.16	111115
"10:43:50 6b_9"
"10:44:40 Lamp: ParIn ->  1800 uml"
"10:44:40 CO2 Mixer: CO2S -> 400 uml"
"10:44:40 Coolers: Tleaf -> 27.00 C"
"10:44:40 Flow: Fixed -> 500 umol/s"
"10:46:01 Lamp: ParIn ->  1800 uml"
"10:46:01 CO2 Mixer: CO2S -> 400 uml"
"10:46:01 Coolers: Tleaf -> 27.00 C"
"10:46:01 Flow: Fixed -> 500 umol/s"
2	"10:49:46"	925.5	0	9.39	0.142	274	5.05	2.58	25.48	1	2.52	1	5.04	26.30	25.48	25.54	404.04	401.76	8.588	9.590	18.10	20.21	499.8	1799	715	72.38	-17.6	0.266	0.7	-0.22	2.74	1.00	0.00	0.16	111115
3	"10:51:00"	999.0	0	13.1	0.122	206	4.56	2.7	26.07	1	2.52	1	5.04	26.26	26.07	26.12	404.04	401.06	8.603	9.506	18.18	20.08	499.9	1800	811	72.38	-17.6	0.266	0.7	-0.22	2.74	1.00	0.00	0.16	111115
"11:05:43 Lamp: ParIn ->  1800 uml"
"11:05:43 CO2 Mixer: CO2S -> 400 uml"
"11:05:43 Coolers: Tleaf -> 27.00 C"
"11:05:43 Flow: Fixed -> 500 umol/s"
"11:07:38 Flow: Fixed -> 500 umol/s"
"11:07:50 2b_137"
4	"11:12:07"	2266.5	0	8.97	0.147	279	5.23	2.58	25.60	1	2.52	1	5.04	25.30	25.60	25.56	401.26	399.05	8.819	9.854	19.72	22.04	499.8	1799	789	72.42	-14.7	-0.046	0.7	-0.22	2.74	1.00	0.00	0.16	111115
5	"11:12:31"	2291.0	0	1.73	0.147	358	5.48	2.7	26.25	1	2.52	1	5.04	26.68	26.25	26.19	401.56	400.77	8.869	9.955	18.28	20.52	499.8	1800	782	72.42	-14.7	-0.046	0.7	-0.22	2.74	1.00	0.00	0.16	111115
"11:14:24 2a_95"
6	"11:17:44"	2604.5	0	7.14	0.267	334	9.49	2.63	26.41	1	2.52	1	5.04	26.08	26.41	26.36	402.65	400.46	9.613	11.490	20.53	24.54	499.9	1799	174	72.41	-14.7	-0.046	0.7	-0.22	2.74	1.00	0.00	0.16	111115
7	"11:18:19"	2639.5	0	6.64	0.299	343	9	2.24	24.43	1	2.52	1	5.04	24.87	24.43	24.28	401.53	399.48	9.669	11.448	22.19	26.27	499.9	1801	167	72.41	-14.7	-0.046	0.7	-0.22	2.74	1.00	0.00	0.16	111115
"11:23:04 3c_174"
8	"11:26:28"	3128.0	0	8.17	0.508	353	14	2.14	24.09	1	2.52	1	5.04	25.09	24.09	23.97	401.85	399.10	9.242	12.011	20.93	27.21	499.9	1799	265	72.42	-14.7	-0.046	0.7	-0.22	2.74	1.00	0.00	0.16	111115
9	"11:27:32"	3192.5	0	10.4	0.471	343	14.2	2.33	25.16	1	2.52	1	5.04	25.71	25.16	25.10	403.48	400.27	9.348	12.162	20.41	26.56	499.8	1801	279	72.42	-14.7	-0.046	0.7	-0.22	2.74	1.00	0.00	0.16	111115
"11:29:27 5d_244"
10	"11:32:32"	3493.0	0	11.4	0.368	330	10.7	2.19	24.46	1	2.52	1	5.04	24.85	24.46	24.23	403.58	400.45	10.128	12.238	23.27	28.12	499.9	1801	950	72.4	-14.7	-0.046	1.0	-0.22	2.74	1.00	0.00	0.16	111115
11	"11:33:04"	3524.5	0	13.1	0.307	307	11.1	2.7	27.08	1	2.52	1	5.04	26.01	27.08	26.90	404.28	400.76	10.152	12.354	21.77	26.50	500.0	1799	1028	72.4	-14.7	-0.046	0.7	-0.22	2.74	1.00	0.00	0.16	111115
"11:35:15 1c_55"
"11:42:29 Lamp: ParIn ->  1800 uml"
"11:42:29 CO2 Mixer: CO2S -> 400 uml"
"11:42:29 Coolers: Tleaf -> 27.00 C"
"11:42:29 Flow: Fixed -> 500 umol/s"
"11:45:20 Flow: Fixed -> 500 umol/s"
12	"11:48:07"	4427.0	0	16.7	0.152	198	6.48	3.09	26.31	1	2.52	1	5.04	26.52	26.31	26.13	403.39	399.53	3.516	4.805	7.32	10.00	499.8	1799	314	72.41	-15.4	0.349	0.7	-0.22	2.74	1.00	0.00	0.16	111115
13	"11:48:33"	4452.5	0	15.9	0.166	222	6.17	2.72	24.41	1	2.52	1	5.04	25.38	24.41	24.14	402.86	399.18	3.588	4.818	7.99	10.72	499.8	1799	313	72.41	-15.4	0.349	0.7	-0.22	2.74	1.00	0.00	0.16	111115
"11:52:03 5b_289"
14	"11:59:22"	5102.0	0	4.22	0.218	348	6.42	2.16	24.47	1	2.52	1	5.04	25.22	24.47	24.46	399.22	397.86	11.433	12.700	25.69	28.54	499.9	1799	216	72.4	-15.4	0.349	0.7	-0.22	2.74	1.00	0.00	0.16	111115
15	"12:00:39"	5179.0	0	4.78	0.209	343	6.18	2.17	24.45	1	2.52	1	5.04	25.20	24.45	24.45	400.87	399.42	11.386	12.606	25.62	28.37	499.8	1801	196	72.4	-15.4	0.349	0.7	-0.22	2.74	1.00	0.00	0.16	111115
"12:02:30 6d_45"
16	"12:06:07"	5507.0	0	15.5	0.568	333	17.8	2.44	26.59	1	2.52	1	5.04	25.93	26.59	26.61	405.51	400.99	11.111	14.610	23.94	31.48	499.8	1801	327	72.39	-15.4	0.349	0.7	-0.22	2.74	1.00	0.00	0.16	111115
17	"12:06:40"	5540.0	0	16.2	0.677	339	17.1	2.01	24.36	1	2.52	1	5.04	24.72	24.36	24.29	402.63	398.03	11.098	14.465	25.69	33.48	499.8	1801	322	72.39	-15.4	0.349	0.7	-0.22	2.74	1.00	0.00	0.16	111115
"12:08:35 3a_273"
18	"12:12:08"	5868.5	0	6.89	0.193	316	8.03	3.05	26.13	1	2.52	1	5.04	25.52	26.13	26.03	402.21	400.19	3.237	4.835	7.15	10.68	499.8	1800	310	72.41	-15.4	0.349	0.7	-0.22	2.74	1.00	0.00	0.16	111115
19	"12:12:38"	5898.5	0	8.14	0.214	315	7.59	2.62	23.82	1	2.52	1	5.04	24.20	23.82	23.63	401.30	399.07	3.253	4.764	7.77	11.38	499.9	1801	309	72.41	-15.4	0.349	0.7	-0.22	2.74	1.00	0.00	0.16	111115
"12:14:55 4b_190"
20	"12:18:09"	6230.0	0	9.73	0.425	341	13.3	2.39	25.79	1	2.52	1	5.04	25.59	25.79	25.78	403.31	400.29	10.435	13.063	22.95	28.73	499.8	1799	318	72.41	-15.4	0.349	0.7	-0.22	2.74	1.00	0.00	0.16	111115
"12:18:14 Lamp: ParIn ->  1800 uml"
"12:18:14 CO2 Mixer: CO2S -> 400 uml"
"12:18:14 Coolers: Tleaf -> 27.00 C"
"12:18:14 Flow: Fixed -> 500 umol/s"
21	"12:18:24"	6243.5	0	11.4	0.416	332	13.2	2.41	25.88	1	2.52	1	5.04	25.14	25.88	25.88	402.21	398.89	10.414	13.015	23.52	29.40	499.8	1801	315	72.41	-15.4	0.349	0.7	-0.22	2.74	1.00	0.00	0.16	111115
"12:20:07 4c_195"
22	"12:25:35"	6674.0	0	7.9	0.388	343	13.9	2.7	27.32	1	2.52	1	5.04	27.50	27.32	27.13	403.44	400.75	10.361	13.101	20.36	25.74	499.8	1799	1494	72.41	-15.4	0.349	0.7	-0.22	2.74	1.00	0.00	0.16	111115
23	"12:25:45"	6684.5	0	9.55	0.382	336	13.6	2.69	27.25	1	2.52	1	5.04	27.35	27.25	27.14	403.49	400.49	10.367	13.050	20.55	25.86	499.8	1799	1583	72.4	-15.4	0.349	1.0	-0.22	2.74	1.00	0.00	0.16	111115
"12:27:46 2d_220"
24	"12:30:10"	6949.5	0	16.2	0.431	314	15.2	2.68	27.60	1	2.52	1	5.04	26.79	27.60	26.01	403.97	399.52	11.246	14.240	23.04	29.17	499.8	1799	859	72.4	-15.4	0.349	1.0	-0.22	2.74	1.00	0.00	0.16	111115
25	"12:32:18"	7077.5	0	10.6	0.412	335	13.8	2.55	27.03	1	2.52	1	5.04	25.87	27.03	25.22	403.20	399.97	11.637	14.366	25.16	31.06	499.8	1800	806	72.4	-15.4	0.349	1.0	-0.22	2.74	1.00	0.00	0.16	111115
"12:34:15 1d_16"
26	"12:38:20"	7440.5	0	7.9	0.168	301	6.17	2.66	27.25	1	2.52	1	5.04	26.30	27.25	25.47	401.68	399.60	12.208	13.427	25.74	28.31	499.8	1801	317	72.41	-15.4	0.349	1.0	-0.22	2.74	1.00	0.00	0.16	111115
27	"12:38:31"	7451.5	0	9.23	0.167	288	6.09	2.65	27.18	1	2.52	1	5.04	26.20	27.18	25.62	401.78	399.44	12.209	13.411	25.89	28.44	499.8	1801	311	72.41	-15.4	0.349	0.7	-0.22	2.74	1.00	0.00	0.16	111115
"12:40:51 3b_838"
28	"12:44:40"	7820.5	0	20.8	0.754	334	18.6	1.99	24.65	1	2.52	1	5.04	25.68	24.65	24.69	406.02	400.38	11.887	15.544	26.00	33.99	499.8	1800	300	72.4	-15.4	0.349	0.7	-0.22	2.74	1.00	0.00	0.16	111115
29	"12:44:59"	7838.5	0	23.9	0.763	327	18.1	1.92	24.25	1	2.52	1	5.04	24.79	24.25	24.20	405.15	398.92	11.861	15.431	27.35	35.58	499.8	1800	306	72.4	-15.4	0.349	0.7	-0.22	2.74	1.00	0.00	0.16	111115
"12:48:46 1a_249"
30	"12:52:18"	8278.5	0	4.11	0.318	355	11.4	2.66	27.34	1	2.52	1	5.04	27.97	27.34	27.88	400.86	399.12	11.395	13.641	21.77	26.06	499.7	1799	1217	72.39	-15.4	0.349	0.7	-0.22	2.74	1.00	0.00	0.16	111115
31	"12:52:55"	8315.5	0	6.63	0.301	341	11	2.72	27.61	1	2.52	1	5.04	27.78	27.61	27.31	402.92	400.71	11.435	13.613	22.10	26.30	499.8	1800	1484	72.39	-15.4	0.349	0.7	-0.22	2.74	1.00	0.00	0.16	111115
"12:55:48 3d_851"
32	"12:57:51"	8611.5	0	17.5	0.707	339	17.4	1.97	24.66	1	2.52	1	5.04	26.16	24.66	24.55	404.37	399.49	12.420	15.844	26.39	33.66	499.7	1799	1594	72.38	-15.4	0.349	0.7	-0.22	2.74	1.00	0.00	0.16	111115
33	"12:58:33"	8653.5	0	26.7	0.652	309	17.3	2.1	25.37	1	2.52	1	5.04	25.77	25.37	25.31	405.65	398.93	12.537	15.935	27.27	34.65	499.8	1802	879	72.38	-15.4	0.349	0.7	-0.22	2.74	1.00	0.00	0.16	111115
"13:00:32 5a_191"
34	"13:02:57"	8917.5	0	28	0.66	310	15.8	1.9	24.34	1	2.52	1	5.04	25.17	24.34	24.24	406.96	400.10	12.928	16.030	29.13	36.12	499.8	1800	316	72.36	-15.4	0.349	0.7	-0.22	2.74	1.00	0.00	0.16	111115
35	"13:03:42"	8962.5	0	26	0.613	310	16.2	2.08	25.36	1	2.52	1	5.04	26.35	25.36	25.32	407.81	401.31	12.965	16.155	27.24	33.94	499.9	1800	195	72.36	-15.4	0.349	0.7	-0.22	2.74	1.00	0.00	0.16	111115
"13:05:49 4d_37"
36	"13:08:28"	9248.5	0	16.8	0.332	298	8.95	2.02	24.50	1	2.52	1	5.04	24.97	24.50	24.43	403.64	399.56	12.983	14.746	29.61	33.64	499.8	1800	237	72.38	-15.4	0.349	1.0	-0.22	2.74	1.00	0.00	0.16	111115
37	"13:09:30"	9311.0	0	16.4	0.332	300	8.83	2	24.36	1	2.52	1	5.04	24.90	24.36	24.26	403.42	399.42	12.946	14.687	29.64	33.63	499.8	1800	228	72.38	-15.4	0.349	0.7	-0.22	2.74	1.00	0.00	0.16	111115
"13:12:17 6c_96"
38	"13:15:54"	9695.0	0	12.4	0.471	333	15.4	2.51	27.04	1	2.52	1	5.04	28.85	27.04	29.63	403.51	399.80	11.875	14.914	21.56	27.07	499.8	1800	255	72.36	-15.4	0.349	1.0	-0.22	2.74	1.00	0.00	0.16	111115
39	"13:16:23"	9724.0	0	12	0.453	333	14.9	2.52	27.03	1	2.52	1	5.04	28.77	27.03	29.53	403.51	399.90	11.801	14.747	21.51	26.88	499.8	1800	249	72.36	-15.4	0.349	0.7	-0.22	2.74	1.00	0.00	0.16	111115
"13:18:45 4a_115"
"13:20:12 4a_115"
40	"13:21:47"	10048.5	0	22.1	0.523	306	16.8	2.49	26.74	1	2.52	1	5.04	28.18	26.74	28.95	405.53	399.76	10.988	14.303	20.74	27.00	499.8	1800	336	72.39	-15.4	0.349	1.0	-0.22	2.74	1.00	0.00	0.16	111115
41	"13:22:10"	10071.0	0	21.7	0.521	307	16.8	2.49	26.74	1	2.52	1	5.04	28.20	26.74	28.95	405.29	399.59	10.943	14.256	20.63	26.88	499.8	1800	351	72.39	-15.4	0.349	1.0	-0.22	2.74	1.00	0.00	0.16	111115
"13:25:04 1b_660"
42	"13:29:22"	10503.0	0	20.1	0.647	327	17	2.08	24.68	1	2.52	1	5.04	25.19	24.68	24.43	404.35	398.99	11.040	14.384	24.84	32.37	499.9	1799	1088	72.38	-15.4	0.349	0.7	-0.22	2.74	1.00	0.00	0.16	111115
43	"13:29:44"	10525.5	0	20.2	0.648	327	16.9	2.07	24.68	1	2.52	1	5.04	25.10	24.68	24.43	404.19	398.80	11.093	14.434	25.11	32.67	499.8	1799	1054	72.38	-15.4	0.349	1.0	-0.22	2.74	1.00	0.00	0.16	111115
"13:31:51 2c_296"
44	"13:35:51"	10892.5	0	28.6	0.481	278	15.3	2.45	26.90	1	2.52	1	5.04	26.84	26.90	26.75	406.27	399.33	12.335	15.357	25.18	31.35	499.9	1800	201	72.38	-15.4	0.349	0.7	-0.22	2.74	1.00	0.00	0.16	111115
45	"13:36:17"	10918.5	0	27.1	0.588	303	15	2	24.67	1	2.52	1	5.04	26.08	24.67	24.54	406.08	399.47	12.451	15.405	26.58	32.89	499.9	1799	203	72.38	-15.4	0.349	0.7	-0.22	2.74	1.00	0.00	0.16	111115
"13:38:04 5c_223"
46	"13:39:20"	11101.5	0	15.8	0.085	84.6	2.79	2.34	25.81	1	2.52	1	5.04	24.80	25.81	25.66	401.74	398.37	13.194	13.744	30.38	31.65	499.8	1801	1708	72.36	-15.4	0.349	0.7	-0.22	2.74	1.00	0.00	0.16	111115
"13:39:28 Lamp: ParIn ->  1800 uml"
"13:39:28 CO2 Mixer: CO2S -> 400 uml"
"13:39:28 Coolers: Tleaf -> 27.00 C"
"13:39:28 Flow: Fixed -> 500 umol/s"
47	"13:39:30"	11110.0	0	15.1	0.078	72.6	2.98	2.71	27.62	1	2.52	1	5.04	26.03	27.62	27.34	403.96	400.70	13.240	13.827	28.34	29.60	499.9	1800	1641	72.36	-15.4	0.349	0.3	-0.22	2.74	1.00	0.00	0.16	111115
"13:39:55 Lamp: ParIn ->  1800 uml"
"13:39:55 CO2 Mixer: CO2S -> 400 uml"
"13:39:55 Coolers: Tleaf -> 27.00 C"
"13:39:55 Flow: Fixed -> 500 umol/s"
