"OPEN 6.2.4"
"Fri Aug  9 2019 10:55:01"
<open><version>"6.2.4"</version></open>
<open><configfile>"/User/Configs/UserPrefs/2x3 LED.xml"</configfile></open>
<open><light><source>"6400-02 or -02B LED Source"</source><par_in>1<sensor>"SI-3781"<cal>-0.93<actinity>1.00</actinity><transm>1.00</transm></cal></sensor><transm>1</transm></par_in><par_out>1<sensor>"Q49599"<cal>7.26</cal></sensor></par_out></light></open>
<open><comps><file>"/User/Configs/Comps/StdComps_6.2"<header>""</header><extras></extras></file><energybal>no<f_parIn>1</f_parIn><f_parOut>0</f_parOut><alphaK>0.16</alphaK></energybal><bc_total>5.036<stomatal_ratio>1</stomatal_ratio><bc_oneside>2.518<type>2</type><table>"/Sys/Lib/StdBLCTable"</table><area>1</area><slope>-0.219565</slope><offset>2.73739</offset><fan>5</fan></bc_oneside></bc_total></comps></open>
<open><prompts><onlog>off</onlog><items>"Default (none)"</items></prompts></open>
<open><constants><oxygen>21 %</oxygen><bb_vapor>1.5</bb_vapor><bb_oxy>0.9</bb_oxy></constants></open>
<open><stability><items>"Std Stability"<items[1]><id>-2</id><size>15</size><pcv><onoff>0</onoff><value>1</value></pcv><std><onoff>0</onoff><value>1</value></std><slp><onoff>1</onoff><value>1</value></slp></items[1]><items[2]><id>-5</id><size>15</size><pcv><onoff>0</onoff><value>1</value></pcv><std><onoff>0</onoff><value>1</value></std><slp><onoff>1</onoff><value>1</value></slp></items[2]><items[3]><id>-7</id><size>15</size><pcv><onoff>0</onoff><value>1</value></pcv><std><onoff>0</onoff><value>1</value></std><slp><onoff>1</onoff><value>1</value></slp></items[3]></items></stability></open>
<open><log><format>"StdLogFmt_6.0"<items>{ -35 -21 -36 -76 30 23 36 21 25 221 -33 111 -34 11 -9 -10 -8 -1 -2 -4 -5 -14 -15 -7 -12 -13 -11 -65 -66 -72 -18 -19 -77 -78 -79 -23  }<hdr>{  }</hdr></items></format><options><beep>on</beep><hdr>normal</hdr><rem>normal</rem><stab>no</stab><stats>no<mean>no</mean><file>no</file><period>15</period></stats><excel>yes</excel><controls>yes</controls><comm>no</comm></options><datafile>"/User/08092019_maxfield"</datafile><button><action>"Normal Log"<code>" LogOneObsManual "</code></action></button><autoprog>"/User/Configs/AutoProgs/AutoLog2"<active>no</active></autoprog></log></open>
<open><a2d><avgtime>4.0 secs</avgtime><userchans><ch20>"Off"</ch20><ch21>"Off"</ch21><ch22>"Off"</ch22><ch23>"Off"</ch23></userchans></a2d></open>
<open><matching><type>0</type><disp>'a'</disp><settings><CO2Limit>10.0</CO2Limit><H2OLimit>1.0</H2OLimit><MaxAutoTime>60</MaxAutoTime></settings></matching></open>
<li6400><factory><unit>"PSC-3840"</unit><serviced>"1 Jul 2013"</serviced><fuseaware>0</fuseaware><co2mixer>yes</co2mixer><co2><coeffs>{ 0 0.213319 2.22998e-05 2.13159e-08 -3.88664e-12 3.69888e-16  }</coeffs><dvdt>-4.7</dvdt><xs>{ 0.0009 -0.0002  }</xs></co2><h2o><coeffs>{ 0 0.00572751 2.23485e-06 -7.37877e-12  }</coeffs><dvdt>-1.7</dvdt><xs>{ 0.0009 -0.0028  }</xs></h2o><flow>{ 0 0.3568  }</flow><press>{ 88.437 0.00551  }</press></factory></li6400>
<li6400><user><flow_zero>-625.0</flow_zero><irga_zero><co2>156.2 -1289.1<at>28.2605</at></co2><h2o>1289.1 1328.1<at>28.3213</at></h2o></irga_zero><irga_span><co2>{ 0.99237 0.992833  }</co2><h2o>{ 1.00426 0.996799  }</h2o></irga_span><irga_match><co2>{ 0.419543 -15.6083  }</co2><h2o>{ 0.0658738 0.303632  }</h2o></irga_match><co2_mixer><pump_mv>4500</pump_mv><ppm>{ 2769.34 1210 443.429 262.266 116.408 66.7298 43.9369 38.6716  }</ppm><mv>{ 5000 3000 1500 1000 500 300 200 100  }</mv></co2_mixer><parin_offset>0</parin_offset><led_cal><unit>"SI-3781"</unit><mv>{ 10 25 50 100 1000 2000 3000 4000 5000  }</mv><qntm>{ 4.69642 15.4417 35.4805 82.2863 972.665 1922.29 2824.32 3690.14 4518.2  }</qntm></led_cal><lcf_cal><unit>"unknown"</unit><red><mv>{ 50 100 500 1000 1500 5000  }</mv><qntm>{ 50 100 500 1000 2000 5000  }</qntm></red><blue><mv>{ 100 200 500 1000 2000 5000  }</mv><qntm>{ 10 20 50 100 200 500  }</qntm></blue></lcf_cal></user></li6400>
"10:58:07 4a_116"
$STARTOFDATA$
"Obs"	"HHMMSS"	"FTime"	"EBal?"	"Photo"	"Cond"	"Ci"	"Trmmol"	"VpdL"	"CTleaf"	"Area"	"BLC_1"	"StmRat"	"BLCond"	"Tair"	"Tleaf"	"TBlk"	"CO2R"	"CO2S"	"H2OR"	"H2OS"	"RH_R"	"RH_S"	"Flow"	"PARi"	"PARo"	"Press"	"CsMch"	"HsMch"	"StableF"	"BLCslope"	"BLCoffst"	"f_parin"	"f_parout"	"alphaK"	"Status"
1	"11:06:27"	721.0	0	1.64	0.295	366	10.7	2.69	27.05	1	2.52	1	5.04	26.65	27.05	26.80	400.28	399.10	10.259	12.369	21.20	25.56	499.8	0	528	72.47	-15.6	0.304	1.0	-0.22	2.74	1.00	0.00	0.16	111115
2	"11:06:43"	737.5	0	1.34	0.278	368	10.1	2.7	27.05	1	2.52	1	5.04	26.65	27.05	26.79	400.23	399.15	10.279	12.282	21.25	25.39	499.8	0	548	72.47	-15.6	0.304	1.0	-0.22	2.74	1.00	0.00	0.16	111115
"11:08:35 3b_624"
3	"11:11:35"	1029.5	0	5.67	0.245	338	9.3	2.79	27.64	1	2.52	1	5.04	27.82	27.64	27.23	401.87	399.99	10.939	12.776	21.11	24.66	499.8	0	904	72.46	-15.6	0.304	0.7	-0.22	2.74	1.00	0.00	0.16	111115
4	"11:12:07"	1061.0	0	3.93	0.221	347	8.49	2.81	27.70	1	2.52	1	5.04	27.38	27.70	26.05	401.85	400.38	10.975	12.653	21.73	25.06	499.7	0	923	72.46	-15.6	0.304	0.7	-0.22	2.74	1.00	0.00	0.16	111115
"11:15:19 Lamp: Off"
"11:15:28 Lamp: Off"
"11:15:42 Lamp: ParIn ->  1800 uml"
5	"11:20:13"	1547.0	0	36.6	0.685	284	21.2	2.47	27.18	1	2.52	1	5.04	26.98	27.18	26.99	407.66	398.65	11.687	15.866	23.69	32.16	499.8	1800	1321	72.47	-15.6	0.304	1.0	-0.22	2.74	1.00	0.00	0.16	111115
6	"11:20:51"	1585.5	0	35.4	0.68	288	21.1	2.46	27.17	1	2.52	1	5.04	26.79	27.17	26.55	408.82	400.04	11.755	15.902	24.10	32.60	499.8	1800	1319	72.47	-15.6	0.304	0.7	-0.22	2.74	1.00	0.00	0.16	111115
"11:23:27 2a_176"
"11:23:33 Lamp: ParIn ->  1800 uml"
"11:23:33 CO2 Mixer: CO2S -> 400 uml"
"11:23:33 Coolers: Tleaf -> 27.00 C"
"11:23:33 Flow: Fixed -> 500 umol/s"
7	"11:25:31"	1864.0	0	40.1	1.03	309	27.8	2.28	26.89	1	2.52	1	5.04	27.77	26.89	28.20	410.00	399.76	12.207	17.672	23.62	34.20	499.8	1800	130	72.47	-15.6	0.304	1.0	-0.22	2.74	1.00	0.00	0.16	111115
"11:25:43 Lamp: ParIn ->  1800 uml"
"11:25:43 CO2 Mixer: CO2S -> 400 uml"
"11:25:43 Coolers: Tleaf -> 27.00 C"
"11:25:43 Flow: Fixed -> 500 umol/s"
8	"11:26:04"	1897.5	0	41	1.03	308	27.7	2.26	26.82	1	2.52	1	5.04	27.23	26.82	27.06	410.33	399.91	12.268	17.707	24.50	35.36	499.8	1799	130	72.47	-15.6	0.304	1.0	-0.22	2.74	1.00	0.00	0.16	111115
"11:29:23 1c_75"
9	"11:32:44"	2298.0	0	17.3	0.264	272	8.9	2.49	26.93	1	2.52	1	5.04	26.90	26.93	26.99	404.43	400.25	13.134	14.887	26.75	30.32	499.8	1799	665	72.47	-15.6	0.304	1.0	-0.22	2.74	1.00	0.00	0.16	111115
10	"11:34:15"	2389.5	0	20.1	0.255	250	8.7	2.51	27.09	1	2.52	1	5.04	26.97	27.09	26.98	404.57	399.85	13.303	15.017	26.99	30.47	499.8	1798	674	72.47	-15.6	0.304	1.0	-0.22	2.74	1.00	0.00	0.16	111115
11	"11:34:16"	2389.5	0	20.1	0.255	250	8.7	2.51	27.09	1	2.52	1	5.04	26.97	27.09	26.98	404.57	399.85	13.303	15.017	26.99	30.47	499.8	1798	674	72.47	-15.6	0.304	1.0	-0.22	2.74	1.00	0.00	0.16	111115
"11:37:34 6a_165"
12	"11:40:07"	2741.0	0	27.2	0.381	259	13	2.56	27.75	1	2.52	1	5.04	27.67	27.75	26.44	406.22	399.75	13.742	16.294	26.75	31.72	499.8	1800	1087	72.44	-15.6	0.304	0.7	-0.22	2.74	1.00	0.00	0.16	111115
13	"11:40:49"	2783.0	0	27.6	0.375	255	12.6	2.54	27.62	1	2.52	1	5.04	26.87	27.62	25.47	405.91	399.37	13.743	16.230	28.03	33.11	499.8	1799	1091	72.44	-15.6	0.304	0.7	-0.22	2.74	1.00	0.00	0.16	111115
"11:43:25 2b_189"
14	"11:46:17"	3111.5	0	37.5	0.553	264	16.4	2.31	26.92	1	2.52	1	5.04	26.17	26.92	25.83	408.39	399.59	14.095	17.320	29.97	36.83	499.8	1801	688	72.46	-15.6	0.304	1.0	-0.22	2.74	1.00	0.00	0.16	111115
15	"11:46:40"	3134.5	0	37.5	0.551	263	16.4	2.31	26.95	1	2.52	1	5.04	26.27	26.95	26.00	408.53	399.71	14.134	17.357	29.86	36.67	499.8	1800	697	72.46	-15.6	0.304	0.7	-0.22	2.74	1.00	0.00	0.16	111115
"11:48:54 1d_25"
16	"11:52:16"	3471.0	0	30.9	0.492	273	14.9	2.33	27.02	1	2.52	1	5.04	26.31	27.02	26.01	407.16	399.78	14.396	17.322	30.35	36.52	499.9	1800	146	72.46	-15.6	0.304	1.0	-0.22	2.74	1.00	0.00	0.16	111115
17	"11:52:31"	3485.5	0	31.3	0.492	272	14.9	2.33	27.01	1	2.52	1	5.04	26.31	27.01	26.00	407.10	399.64	14.371	17.300	30.31	36.48	499.8	1800	120	72.47	-15.6	0.304	0.7	-0.22	2.74	1.00	0.00	0.16	111115
"11:54:53 3a_657"
18	"12:00:37"	3972.0	0	33.2	0.591	283	17.3	2.28	27.06	1	2.52	1	5.04	24.90	27.06	23.86	408.05	400.02	14.656	18.048	33.61	41.38	499.8	1800	1537	72.46	-15.6	0.304	0.7	-0.22	2.74	1.00	0.00	0.16	111115
19	"12:00:37"	3972.0	0	33.2	0.591	283	17.3	2.28	27.06	1	2.52	1	5.04	24.90	27.06	23.86	408.05	400.02	14.656	18.048	33.61	41.38	499.8	1800	1537	72.46	-15.6	0.304	0.7	-0.22	2.74	1.00	0.00	0.16	111115
20	"12:01:06"	4001.5	0	31.4	0.581	288	17.1	2.3	27.12	1	2.52	1	5.04	24.91	27.12	23.86	408.09	400.45	14.710	18.064	33.71	41.40	499.8	1800	1543	72.46	-15.6	0.304	1.0	-0.22	2.74	1.00	0.00	0.16	111115
"12:03:42 6b_31"
21	"12:08:41"	4456.0	0	19.5	0.167	191	5.61	2.44	27.03	1	2.52	1	5.04	27.16	27.03	27.22	403.78	399.44	14.761	15.865	29.60	31.81	499.8	1798	279	72.43	-15.6	0.304	1.0	-0.22	2.74	1.00	0.00	0.16	111115
22	"12:08:56"	4471.0	0	18.8	0.162	192	5.45	2.44	27.01	1	2.52	1	5.04	27.08	27.01	27.18	403.55	399.35	14.756	15.828	29.71	31.87	499.8	1800	340	72.43	-15.6	0.304	1.0	-0.22	2.74	1.00	0.00	0.16	111115
"12:11:56 4c_30"
23	"12:15:07"	4842.5	0	23.6	0.783	326	21.1	2.18	26.94	1	2.52	1	5.04	25.31	26.94	24.64	404.98	398.58	15.055	19.191	33.68	42.94	499.8	1800	1111	72.46	-15.6	0.304	0.7	-0.22	2.74	1.00	0.00	0.16	111115
24	"12:17:46"	5001.5	0	34	0.675	293	18.9	2.23	27.07	1	2.52	1	5.04	25.10	27.07	24.25	408.38	400.07	15.138	18.856	34.28	42.71	499.9	1798	1465	72.46	-15.6	0.304	1.0	-0.22	2.74	1.00	0.00	0.16	111115
"12:20:17 2b_214"
25	"12:25:54"	5490.5	0	30.9	0.33	225	10.4	2.34	27.16	1	2.52	1	5.04	24.76	27.16	23.66	406.72	399.70	15.564	17.599	35.98	40.68	499.9	1800	1389	72.46	-15.6	0.304	1.0	-0.22	2.74	1.00	0.00	0.16	111115
"12:26:01 Lamp: ParIn ->  1800 uml"
"12:26:01 CO2 Mixer: CO2S -> 400 uml"
"12:26:01 Coolers: Tleaf -> 27.00 C"
"12:26:01 Flow: Fixed -> 500 umol/s"
26	"12:26:27"	5520.5	0	33.5	0.33	212	10.8	2.43	27.64	1	2.52	1	5.04	26.33	27.64	26.92	407.90	400.34	15.581	17.699	32.82	37.28	500.0	1800	1348	72.46	-15.6	0.304	0.7	-0.22	2.74	1.00	0.00	0.16	111115
"12:29:02 4d_28"
27	"12:31:34"	5828.0	0	17.5	0.124	154	3.97	2.3	26.47	1	2.52	1	5.04	24.44	26.47	23.64	403.34	399.52	15.329	16.110	36.12	37.97	499.8	1800	217	72.45	-15.6	0.304	1.0	-0.22	2.74	1.00	0.00	0.16	111115
28	"12:32:04"	5857.0	0	18.8	0.131	149	4.18	2.3	26.45	1	2.52	1	5.04	24.77	26.45	24.27	403.63	399.53	15.209	16.031	35.14	37.05	499.9	1801	254	72.46	-15.6	0.304	0.7	-0.22	2.74	1.00	0.00	0.16	111115
29	"12:36:49"	6143.0	0	16.9	0.393	308	12.2	2.34	26.87	1	2.52	1	5.04	26.92	26.87	26.97	404.22	399.87	14.294	16.690	29.07	33.95	499.8	1800	350	72.45	-15.6	0.304	1.0	-0.22	2.74	1.00	0.00	0.16	111115
30	"12:38:25"	6239.0	0	18.2	0.379	299	12	2.38	26.91	1	2.52	1	5.04	27.17	26.91	27.38	404.36	399.77	13.966	16.319	27.99	32.70	499.8	1798	1415	72.45	-15.6	0.304	1.0	-0.22	2.74	1.00	0.00	0.16	111115
"12:40:34 2d_194"
31	"12:45:17"	6651.5	0	34.4	0.627	286	17.9	2.25	26.52	1	2.52	1	5.04	25.87	26.52	25.62	408.75	400.44	13.520	17.032	29.25	36.85	499.8	1800	123	72.45	-15.6	0.304	0.7	-0.22	2.74	1.00	0.00	0.16	111115
32	"12:45:29"	6663.0	0	36.7	0.635	281	17.7	2.2	26.27	1	2.52	1	5.04	25.91	26.27	26.10	408.96	400.20	13.480	16.958	29.09	36.60	499.9	1801	128	72.45	-15.6	0.304	1.0	-0.22	2.74	1.00	0.00	0.16	111115
"12:47:24 1b_658"
33	"12:50:58"	6992.5	0	33.8	0.449	252	14.7	2.49	27.24	1	2.52	1	5.04	26.90	27.24	26.79	407.55	399.61	12.869	15.754	26.20	32.08	499.9	1799	1230	72.45	-15.6	0.304	0.7	-0.22	2.74	1.00	0.00	0.16	111115
34	"12:51:15"	7010.0	0	32.2	0.445	257	14.6	2.5	27.30	1	2.52	1	5.04	26.71	27.30	25.98	407.47	399.86	12.854	15.732	26.46	32.39	499.9	1800	1232	72.45	-15.6	0.304	0.7	-0.22	2.74	1.00	0.00	0.16	111115
"12:53:53 2c_271"
35	"12:56:04"	7298.5	0	19.2	1.06	347	26.7	2.13	26.32	1	2.52	1	5.04	25.95	26.32	25.98	405.22	399.24	12.787	18.026	27.53	38.81	499.9	1800	944	72.45	-15.6	0.304	0.7	-0.22	2.74	1.00	0.00	0.16	111115
36	"12:57:54"	7408.5	0	22.9	0.898	335	24.7	2.27	26.87	1	2.52	1	5.04	26.60	26.87	26.59	406.97	400.41	12.808	17.665	26.54	36.61	499.8	1800	884	72.45	-15.6	0.304	0.7	-0.22	2.74	1.00	0.00	0.16	111115
"13:00:37 5b_7"
37	"13:03:38"	7752.5	0	18.7	0.556	321	16.8	2.35	26.86	1	2.52	1	5.04	26.04	26.86	25.81	404.14	399.06	13.248	16.553	28.37	35.45	499.9	1799	151	72.44	-15.6	0.304	1.0	-0.22	2.74	1.00	0.00	0.16	111115
38	"13:05:09"	7844.5	0	23.1	0.471	295	14.9	2.43	27.14	1	2.52	1	5.04	25.82	27.14	25.23	404.87	399.05	13.315	16.256	28.90	35.28	499.8	1799	136	72.44	-15.6	0.304	1.0	-0.22	2.74	1.00	0.00	0.16	111115
"13:06:54 Lamp: ParIn ->  1800 uml"
"13:06:54 CO2 Mixer: CO2S -> 400 uml"
"13:06:54 Coolers: Tleaf -> 27.00 C"
"13:06:54 Flow: Fixed -> 500 umol/s"
"13:07:11 Flow: Fixed -> 500 umol/s"
"13:12:06 Flow: Fixed -> 500 umol/s"
"13:13:01 Flow: Fixed -> 500 umol/s"
"13:14:28 Flow: Fixed -> 500 umol/s"
"13:16:00 Flow: Fixed -> 500 umol/s"
"13:17:10 5c_207"
39	"13:21:23"	8816.5	0	2.5	0.0624	314	2.31	2.63	27.10	1	2.52	1	5.04	25.28	27.10	24.45	400.48	399.80	12.951	13.407	29.02	30.04	499.8	1799	1089	72.43	-11.4	-0.12	1.0	-0.22	2.74	1.00	0.00	0.16	111115
40	"13:21:37"	8831.0	0	1.68	0.0616	334	2.28	2.64	27.12	1	2.52	1	5.04	25.28	27.12	24.45	400.43	399.91	12.944	13.395	28.99	30.00	499.8	1799	1294	72.43	-11.4	-0.12	0.7	-0.22	2.74	1.00	0.00	0.16	111115
"13:24:17 5d_64"
41	"13:28:49"	9263.0	0	9.71	0.346	332	11.5	2.5	27.11	1	2.52	1	5.04	25.27	27.11	24.27	403.42	400.55	12.959	15.231	29.05	34.14	499.8	1799	2016	72.41	-11.4	-0.12	1.0	-0.22	2.74	1.00	0.00	0.16	111115
42	"13:28:59"	9273.0	0	11.1	0.346	325	11.5	2.49	27.07	1	2.52	1	5.04	25.20	27.07	24.20	403.53	400.38	12.951	15.217	29.15	34.24	499.9	1798	2019	72.42	-11.4	-0.12	1.0	-0.22	2.74	1.00	0.00	0.16	111115
"13:30:43 5c_196"
43	"13:34:13"	9588.0	0	5.6	0.0613	234	2.27	2.62	27.04	1	2.52	1	5.04	24.62	27.04	23.46	401.80	400.49	12.860	13.307	29.95	30.99	499.8	1800	1424	72.42	-11.4	-0.12	0.7	-0.22	2.74	1.00	0.00	0.16	111115
44	"13:34:36"	9611.0	0	6.26	0.0638	223	2.35	2.62	27.02	1	2.52	1	5.04	24.61	27.02	23.46	401.82	400.38	12.848	13.312	29.94	31.02	499.8	1800	1423	72.42	-11.4	-0.12	0.7	-0.22	2.74	1.00	0.00	0.16	111115
"13:36:35 5d_281"
45	"13:40:34"	9968.5	0	10.9	0.18	280	6.29	2.53	27.04	1	2.52	1	5.04	24.78	27.04	23.66	402.74	400.05	13.306	14.545	30.69	33.55	499.9	1800	1569	72.42	-11.4	-0.12	1.0	-0.22	2.74	1.00	0.00	0.16	111115
46	"13:40:44"	9978.5	0	10.9	0.176	279	6.15	2.54	27.04	1	2.52	1	5.04	24.79	27.04	23.67	402.79	400.13	13.311	14.524	30.71	33.51	499.9	1799	1560	72.42	-11.4	-0.12	1.0	-0.22	2.74	1.00	0.00	0.16	111115
"13:42:34 6c_86"
47	"13:45:03"	10238.5	0	2.02	0.0293	269	1.07	2.59	26.98	1	2.52	1	5.04	24.42	26.98	23.08	400.72	400.23	13.448	13.660	31.71	32.21	499.9	1799	1185	72.41	-11.4	-0.12	0.7	-0.22	2.74	1.00	0.00	0.16	111115
48	"13:45:13"	10248.5	0	2.66	0.0308	242	1.13	2.6	27.04	1	2.52	1	5.04	24.43	27.04	23.08	400.70	400.08	13.448	13.672	31.69	32.22	499.8	1799	1189	72.41	-11.4	-0.12	1.0	-0.22	2.74	1.00	0.00	0.16	111115
"13:47:17 1a_243"
49	"13:49:34"	10509.0	0	16.2	0.333	299	10.8	2.43	26.90	1	2.52	1	5.04	25.32	26.90	24.37	404.70	400.58	13.442	15.573	30.05	34.81	499.9	1800	1354	72.43	-11.4	-0.12	1.0	-0.22	2.74	1.00	0.00	0.16	111115
50	"13:49:55"	10530.5	0	18.6	0.333	287	10.9	2.44	26.95	1	2.52	1	5.04	25.29	26.95	24.44	404.93	400.34	13.443	15.583	30.09	34.88	499.8	1800	1352	72.43	-11.4	-0.12	1.0	-0.22	2.74	1.00	0.00	0.16	111115
