"OPEN 6.2.4"
"Mon Aug 12 2019 10:10:55"
<open><version>"6.2.4"</version></open>
<open><configfile>"/User/Configs/UserPrefs/2x3 LED.xml"</configfile></open>
<open><light><source>"6400-02 or -02B LED Source"</source><par_in>1<sensor>"SI-3781"<cal>-0.93<actinity>1.00</actinity><transm>1.00</transm></cal></sensor><transm>1</transm></par_in><par_out>1<sensor>"Q49599"<cal>7.26</cal></sensor></par_out></light></open>
<open><comps><file>"/User/Configs/Comps/StdComps_6.2"<header>""</header><extras></extras></file><energybal>no<f_parIn>1</f_parIn><f_parOut>0</f_parOut><alphaK>0.16</alphaK></energybal><bc_total>5.036<stomatal_ratio>1</stomatal_ratio><bc_oneside>2.518<type>2</type><table>"/Sys/Lib/StdBLCTable"</table><area>1</area><slope>-0.219565</slope><offset>2.73739</offset><fan>5</fan></bc_oneside></bc_total></comps></open>
<open><prompts><onlog>off</onlog><items>"Default (none)"</items></prompts></open>
<open><constants><oxygen>21 %</oxygen><bb_vapor>1.5</bb_vapor><bb_oxy>0.9</bb_oxy></constants></open>
<open><stability><items>"Std Stability"<items[1]><id>-2</id><size>15</size><pcv><onoff>0</onoff><value>1</value></pcv><std><onoff>0</onoff><value>1</value></std><slp><onoff>1</onoff><value>1</value></slp></items[1]><items[2]><id>-5</id><size>15</size><pcv><onoff>0</onoff><value>1</value></pcv><std><onoff>0</onoff><value>1</value></std><slp><onoff>1</onoff><value>1</value></slp></items[2]><items[3]><id>-7</id><size>15</size><pcv><onoff>0</onoff><value>1</value></pcv><std><onoff>0</onoff><value>1</value></std><slp><onoff>1</onoff><value>1</value></slp></items[3]></items></stability></open>
<open><log><format>"StdLogFmt_6.0"<items>{ -35 -21 -36 -76 30 23 36 21 25 221 -33 111 -34 11 -9 -10 -8 -1 -2 -4 -5 -14 -15 -7 -12 -13 -11 -65 -66 -72 -18 -19 -77 -78 -79 -23  }<hdr>{  }</hdr></items></format><options><beep>on</beep><hdr>normal</hdr><rem>normal</rem><stab>no</stab><stats>no<mean>no</mean><file>no</file><period>15</period></stats><excel>yes</excel><controls>yes</controls><comm>no</comm></options><datafile>"/User/08122019_maxfield"</datafile><button><action>"Normal Log"<code>" LogOneObsManual "</code></action></button><autoprog>"/User/Configs/AutoProgs/AutoLog2"<active>no</active></autoprog></log></open>
<open><a2d><avgtime>4.0 secs</avgtime><userchans><ch20>"Off"</ch20><ch21>"Off"</ch21><ch22>"Off"</ch22><ch23>"Off"</ch23></userchans></a2d></open>
<open><matching><type>0</type><disp>'a'</disp><settings><CO2Limit>10.0</CO2Limit><H2OLimit>1.0</H2OLimit><MaxAutoTime>60</MaxAutoTime></settings></matching></open>
<li6400><factory><unit>"PSC-3840"</unit><serviced>"1 Jul 2013"</serviced><fuseaware>0</fuseaware><co2mixer>yes</co2mixer><co2><coeffs>{ 0 0.213319 2.22998e-05 2.13159e-08 -3.88664e-12 3.69888e-16  }</coeffs><dvdt>-4.7</dvdt><xs>{ 0.0009 -0.0002  }</xs></co2><h2o><coeffs>{ 0 0.00572751 2.23485e-06 -7.37877e-12  }</coeffs><dvdt>-1.7</dvdt><xs>{ 0.0009 -0.0028  }</xs></h2o><flow>{ 0 0.3568  }</flow><press>{ 88.437 0.00551  }</press></factory></li6400>
<li6400><user><flow_zero>-625.0</flow_zero><irga_zero><co2>156.2 -1289.1<at>28.2605</at></co2><h2o>1289.1 1328.1<at>28.3213</at></h2o></irga_zero><irga_span><co2>{ 0.99237 0.992833  }</co2><h2o>{ 1.00426 0.996799  }</h2o></irga_span><irga_match><co2>{ 0.419543 -12.6112  }</co2><h2o>{ 0.0658738 -0.0647164  }</h2o></irga_match><co2_mixer><pump_mv>4500</pump_mv><ppm>{ 2914.87 1323.38 527.09 333.795 178.087 125.715 101.733 96.7529  }</ppm><mv>{ 5000 3000 1500 1000 500 300 200 100  }</mv></co2_mixer><parin_offset>0</parin_offset><led_cal><unit>"SI-3781"</unit><mv>{ 10 25 50 100 1000 2000 3000 4000 5000  }</mv><qntm>{ 4.69642 15.4417 35.4805 82.2863 972.665 1922.29 2824.32 3690.14 4518.2  }</qntm></led_cal><lcf_cal><unit>"unknown"</unit><red><mv>{ 50 100 500 1000 1500 5000  }</mv><qntm>{ 50 100 500 1000 2000 5000  }</qntm></red><blue><mv>{ 100 200 500 1000 2000 5000  }</mv><qntm>{ 10 20 50 100 200 500  }</qntm></blue></lcf_cal></user></li6400>
"10:11:04 1d_9"
$STARTOFDATA$
"Obs"	"HHMMSS"	"FTime"	"EBal?"	"Photo"	"Cond"	"Ci"	"Trmmol"	"VpdL"	"CTleaf"	"Area"	"BLC_1"	"StmRat"	"BLCond"	"Tair"	"Tleaf"	"TBlk"	"CO2R"	"CO2S"	"H2OR"	"H2OS"	"RH_R"	"RH_S"	"Flow"	"PARi"	"PARo"	"Press"	"CsMch"	"HsMch"	"StableF"	"BLCslope"	"BLCoffst"	"f_parin"	"f_parout"	"alphaK"	"Status"
1	"10:17:45"	444.0	0	10.6	0.251	307	9.79	2.88	26.88	1	2.52	1	5.04	27.87	26.88	28.57	402.93	400.03	7.347	9.288	14.16	17.89	500.0	1799	1813	72.54	-12.6	-0.0647	0.7	-0.22	2.74	1.00	0.00	0.16	111115
2	"10:18:34"	492.5	0	12.4	0.25	295	9.66	2.86	26.80	1	2.52	1	5.04	27.86	26.80	28.65	403.06	399.82	7.410	9.324	14.28	17.97	499.9	1801	1828	72.54	-12.6	-0.0647	1.0	-0.22	2.74	1.00	0.00	0.16	111115
"10:21:08 5d_275"
3	"10:25:41"	921.0	0	17.3	0.319	286	12.1	2.83	26.99	1	2.52	1	5.04	28.13	26.99	28.21	404.06	399.63	7.918	10.306	15.02	19.55	499.8	1799	736	72.53	-12.6	-0.0647	0.7	-0.22	2.74	1.00	0.00	0.16	111115
4	"10:27:49"	1049.0	0	20.8	0.244	237	9.43	2.85	26.95	1	2.52	1	5.04	28.06	26.95	28.56	404.11	399.20	7.981	9.850	15.20	18.77	499.8	1800	930	72.53	-12.6	-0.0647	1.0	-0.22	2.74	1.00	0.00	0.16	111115
"10:30:30 3d_888"
"10:31:26 Lamp: ParIn ->  1800 uml"
"10:31:26 CO2 Mixer: CO2S -> 400 uml"
"10:31:26 Coolers: Tleaf -> 27.00 C"
"10:31:26 Flow: Fixed -> 500 umol/s"
5	"10:34:25"	1444.0	0	13.9	0.123	197	4.68	2.74	26.30	1	2.52	1	5.04	27.43	26.30	28.48	402.04	398.89	8.618	9.545	17.03	18.86	499.8	1800	470	72.55	-12.6	-0.0647	0.7	-0.22	2.74	1.00	0.00	0.16	111115
6	"10:34:51"	1469.5	0	11.8	0.12	220	4.63	2.78	26.50	1	2.52	1	5.04	27.70	26.50	28.38	401.95	399.22	8.660	9.577	16.85	18.63	499.8	1800	476	72.55	-12.6	-0.0647	1.0	-0.22	2.74	1.00	0.00	0.16	111115
"10:36:59 2c_299"
7	"10:39:11"	1730.0	0	15.8	0.22	261	8.58	2.86	27.25	1	2.52	1	5.04	29.95	27.25	31.29	404.55	400.71	8.925	10.622	15.24	18.14	499.8	1799	410	72.55	-12.6	-0.0647	0.7	-0.22	2.74	1.00	0.00	0.16	111115
8	"10:39:38"	1756.5	0	15.7	0.209	254	8.54	2.99	27.86	1	2.52	1	5.04	29.48	27.86	30.30	404.28	400.45	8.951	10.642	15.71	18.67	499.8	1799	390	72.54	-12.6	-0.0647	0.7	-0.22	2.74	1.00	0.00	0.16	111115
"10:41:59 3c_658"
9	"10:44:45"	2064.5	0	20.7	0.34	275	12.8	2.82	27.56	1	2.52	1	5.04	29.62	27.56	31.18	404.28	399.12	9.633	12.159	16.77	21.16	499.8	1800	127	72.54	-12.6	-0.0647	1.0	-0.22	2.74	1.00	0.00	0.16	111115
10	"10:45:44"	2123.5	0	16.5	0.357	301	11.8	2.49	26.02	1	2.52	1	5.04	26.77	26.02	26.58	403.02	398.77	9.866	12.200	20.27	25.07	499.8	1801	126	72.54	-12.6	-0.0647	0.7	-0.22	2.74	1.00	0.00	0.16	111115
"10:48:23 4d_47"
11	"10:51:04"	2444.0	0	18.6	0.486	312	16.9	2.68	27.32	1	2.52	1	5.04	29.55	27.32	30.31	404.38	399.32	10.051	13.384	17.56	23.39	499.9	1800	733	72.55	-12.6	-0.0647	0.7	-0.22	2.74	1.00	0.00	0.16	111115
12	"10:51:52"	2492.0	0	21.1	0.476	301	16.4	2.66	27.19	1	2.52	1	5.04	29.17	27.19	29.76	404.24	398.71	10.022	13.269	17.90	23.70	499.8	1800	735	72.55	-12.6	-0.0647	1.0	-0.22	2.74	1.00	0.00	0.16	111115
"10:54:35 4c_163"
13	"10:57:08"	2808.0	0	13	0.179	260	7.04	2.86	27.46	1	2.52	1	5.04	27.95	27.46	27.31	403.69	400.53	9.940	11.333	19.06	21.73	499.8	1801	117	72.55	-12.6	-0.0647	0.7	-0.22	2.74	1.00	0.00	0.16	111115
14	"10:57:24"	2824.0	0	15.6	0.179	236	6.92	2.81	27.26	1	2.52	1	5.04	27.65	27.26	27.61	403.53	399.86	9.937	11.307	19.39	22.06	499.9	1801	98	72.55	-12.6	-0.0647	0.7	-0.22	2.74	1.00	0.00	0.16	111115
"11:00:13 1b_662"
15	"11:03:04"	3164.5	0	23.8	0.298	244	11.6	2.9	27.95	1	2.52	1	5.04	28.90	27.95	28.94	405.24	399.54	9.942	12.234	18.04	22.20	499.8	1800	695	72.55	-12.6	-0.0647	0.7	-0.22	2.74	1.00	0.00	0.16	111115
16	"11:03:51"	3211.0	0	22.1	0.288	250	11.2	2.89	27.93	1	2.52	1	5.04	28.36	27.93	27.58	405.00	399.69	9.961	12.180	18.64	22.80	499.8	1799	625	72.55	-12.6	-0.0647	0.7	-0.22	2.74	1.00	0.00	0.16	111115
"11:05:33 2b_85"
17	"11:08:24"	3484.0	0	29.9	0.363	242	12.2	2.54	26.56	1	2.52	1	5.04	27.84	26.56	28.76	407.66	400.69	10.606	13.022	20.47	25.13	499.8	1799	115	72.54	-12.6	-0.0647	1.0	-0.22	2.74	1.00	0.00	0.16	111115
"11:08:48 Lamp: ParIn ->  1800 uml"
"11:08:48 CO2 Mixer: CO2S -> 400 uml"
"11:08:48 Coolers: Tleaf -> 27.00 C"
"11:08:48 Flow: Fixed -> 500 umol/s"
18	"11:09:16"	3534.0	0	29.6	0.351	238	12	2.57	26.75	1	2.52	1	5.04	27.21	26.75	27.23	406.07	399.19	10.784	13.154	21.59	26.33	499.8	1800	117	72.55	-12.6	-0.0647	0.7	-0.22	2.74	1.00	0.00	0.16	111115
"11:11:54 6c_169"
19	"11:15:15"	3894.0	0	26.6	0.456	281	14.7	2.47	26.75	1	2.52	1	5.04	27.83	26.75	28.32	406.79	400.29	11.743	14.634	22.66	28.24	499.9	1801	118	72.52	-12.6	-0.0647	1.0	-0.22	2.74	1.00	0.00	0.16	111115
20	"11:15:37"	3915.5	0	27.6	0.453	276	14.7	2.48	26.84	1	2.52	1	5.04	28.02	26.84	28.79	406.77	400.06	11.789	14.685	22.50	28.03	499.8	1800	116	72.52	-12.6	-0.0647	1.0	-0.22	2.74	1.00	0.00	0.16	111115
"11:17:46 5a_185"
21	"11:19:59"	4177.5	0	9.9	0.195	298	6.4	2.4	25.90	1	2.52	1	5.04	26.47	25.90	26.81	403.02	400.53	11.923	13.187	24.93	27.58	499.8	1801	91	72.53	-12.6	-0.0647	1.0	-0.22	2.74	1.00	0.00	0.16	111115
22	"11:20:10"	4189.0	0	15.2	0.202	258	6.49	2.35	25.68	1	2.52	1	5.04	26.72	25.68	28.18	403.52	399.95	11.900	13.181	24.51	27.15	499.8	1801	80	72.53	-12.6	-0.0647	0.7	-0.22	2.74	1.00	0.00	0.16	111115
"11:21:21 5a_185"
"11:21:50 6c_81"
23	"11:24:53"	4471.5	0	22.3	0.2	199	7.11	2.6	26.84	1	2.52	1	5.04	28.73	26.84	29.80	405.20	400.18	11.686	13.090	21.41	23.98	499.9	1800	87	72.52	-12.6	-0.0647	1.0	-0.22	2.74	1.00	0.00	0.16	111115
24	"11:25:39"	4518.0	0	22.4	0.197	195	7.09	2.62	26.98	1	2.52	1	5.04	28.73	26.98	29.53	405.04	399.99	11.723	13.123	21.47	24.03	499.8	1800	94	72.52	-12.6	-0.0647	1.0	-0.22	2.74	1.00	0.00	0.16	111115
"11:27:59 4a_113"
25	"11:31:39"	4878.5	0	15.6	0.154	215	5.56	2.62	26.89	1	2.52	1	5.04	27.52	26.89	27.77	402.53	398.97	11.842	12.941	23.27	25.43	499.8	1800	1267	72.54	-12.6	-0.0647	1.0	-0.22	2.74	1.00	0.00	0.16	111115
26	"11:32:06"	4905.0	0	15.9	0.15	207	5.49	2.64	26.99	1	2.52	1	5.04	27.63	26.99	27.80	402.78	399.15	11.820	12.903	23.08	25.20	499.8	1800	1271	72.54	-12.6	-0.0647	1.0	-0.22	2.74	1.00	0.00	0.16	111115
"11:33:58 3b_621"
27	"11:36:48"	5187.5	0	33.9	0.586	280	18.7	2.5	27.49	1	2.52	1	5.04	27.74	27.49	27.36	409.52	401.24	12.658	16.337	24.56	31.70	500.0	1799	1151	72.53	-12.6	-0.0647	0.7	-0.22	2.74	1.00	0.00	0.16	111115
28	"11:37:28"	5227.0	0	35.9	0.646	285	18.1	2.22	26.15	1	2.52	1	5.04	26.71	26.15	25.96	408.80	400.17	12.771	16.335	26.32	33.67	499.8	1799	1158	72.53	-12.6	-0.0647	1.0	-0.22	2.74	1.00	0.00	0.16	111115
"11:40:15 1a_222"
29	"11:42:39"	5538.5	0	15.3	0.091	112	3.31	2.6	26.92	1	2.52	1	5.04	27.82	26.92	28.36	402.89	399.57	12.570	13.223	24.29	25.55	499.9	1800	613	72.54	-12.6	-0.0647	1.0	-0.22	2.74	1.00	0.00	0.16	111115
30	"11:43:17"	5576.5	0	15.3	0.0956	124	3.48	2.61	26.92	1	2.52	1	5.04	27.67	26.92	27.85	403.12	399.78	12.487	13.174	24.33	25.67	499.9	1800	613	72.54	-12.6	-0.0647	1.0	-0.22	2.74	1.00	0.00	0.16	111115
"11:46:08 6b_22"
31	"11:48:41"	5901.0	0	27.1	0.487	284	15.4	2.43	26.83	1	2.52	1	5.04	27.40	26.83	27.78	406.25	399.59	12.271	15.303	24.28	30.28	499.9	1800	852	72.51	-12.6	-0.0647	0.7	-0.22	2.74	1.00	0.00	0.16	111115
32	"11:50:40"	6020.5	0	32.1	0.484	266	15.9	2.52	27.22	1	2.52	1	5.04	27.33	27.22	27.37	407.79	400.09	12.091	15.219	24.03	30.24	499.8	1799	832	72.51	-12.6	-0.0647	0.7	-0.22	2.74	1.00	0.00	0.16	111115
"11:52:57 Lamp: ParIn ->  1800 uml"
"11:52:57 CO2 Mixer: CO2S -> 400 uml"
"11:52:57 Coolers: Tleaf -> 27.00 C"
"11:52:57 Flow: Fixed -> 500 umol/s"
"11:55:14 Flow: Fixed -> 500 umol/s"
"11:56:00 Flow: Fixed -> 500 umol/s"
"11:57:45 5c_218"
33	"11:59:59"	6577.5	0	8.31	0.187	305	6.87	2.68	27.40	1	2.52	1	5.04	28.36	27.40	28.74	402.06	399.85	12.232	13.589	22.90	25.44	499.8	1799	954	72.53	-10	0.0341	1.0	-0.22	2.74	1.00	0.00	0.16	111115
34	"12:00:52"	6631.0	0	6.36	0.177	319	6.5	2.68	27.35	1	2.52	1	5.04	27.73	27.35	27.44	401.42	399.62	12.203	13.487	23.70	26.19	499.7	1800	591	72.53	-10	0.0341	1.0	-0.22	2.74	1.00	0.00	0.16	111115
"12:03:23 4c_194"
"12:09:50 4c_189"
35	"12:13:27"	7386.5	0	16.3	0.415	312	13.2	2.42	26.51	1	2.52	1	5.04	25.89	26.51	25.90	403.12	398.81	11.914	14.524	25.78	31.43	499.8	1800	1145	72.55	-10	0.0341	0.7	-0.22	2.74	1.00	0.00	0.16	111115
36	"12:13:48"	7408.0	0	16.1	0.405	311	13.2	2.47	26.72	1	2.52	1	5.04	26.13	26.72	26.00	403.41	399.13	11.873	14.471	25.33	30.87	499.8	1799	1140	72.55	-10	0.0341	1.0	-0.22	2.74	1.00	0.00	0.16	111115
"12:15:56 3c_126"
37	"12:18:27"	7686.5	0	12	0.373	324	12.5	2.53	27.04	1	2.52	1	5.04	27.51	27.04	26.97	402.72	399.32	12.113	14.581	23.83	28.69	499.8	1799	2132	72.55	-10	0.0341	0.7	-0.22	2.74	1.00	0.00	0.16	111115
"12:18:32 Lamp: ParIn ->  1800 uml"
"12:18:32 CO2 Mixer: CO2S -> 400 uml"
"12:18:32 Coolers: Tleaf -> 27.00 C"
"12:18:33 Flow: Fixed -> 500 umol/s"
38	"12:19:32"	7751.0	0	13.1	0.359	317	12.7	2.66	27.68	1	2.52	1	5.04	27.95	27.68	27.58	404.19	400.56	12.223	14.726	23.44	28.24	499.9	1799	2121	72.56	-10	0.0341	0.7	-0.22	2.74	1.00	0.00	0.16	111115
"12:21:55 6d_57"
39	"12:24:30"	8049.5	0	14.4	0.416	321	12.8	2.35	26.28	1	2.52	1	5.04	25.48	26.28	25.38	403.24	399.34	12.390	14.917	27.46	33.06	499.9	1800	1676	72.53	-10	0.0341	1.0	-0.22	2.74	1.00	0.00	0.16	111115
40	"12:24:59"	8078.0	0	14.8	0.412	319	12.9	2.38	26.44	1	2.52	1	5.04	25.63	26.44	25.43	403.15	399.17	12.394	14.935	27.23	32.82	499.8	1799	1681	72.53	-10	0.0341	1.0	-0.22	2.74	1.00	0.00	0.16	111115
"12:28:10 5b_12"
41	"12:32:02"	8501.5	0	8.3	0.216	314	7.63	2.59	27.13	1	2.52	1	5.04	25.09	27.13	24.05	401.23	398.96	12.485	13.991	28.33	31.75	499.8	1799	865	72.55	-10	0.0341	0.7	-0.22	2.74	1.00	0.00	0.16	111115
42	"12:32:29"	8528.5	0	8.3	0.212	313	7.49	2.59	27.11	1	2.52	1	5.04	25.07	27.11	24.06	401.03	398.78	12.469	13.946	28.33	31.69	499.8	1799	869	72.55	-10	0.0341	1.0	-0.22	2.74	1.00	0.00	0.16	111115
"12:34:57 1c_60"
43	"12:37:37"	8837.0	0	17.8	0.507	318	16.5	2.52	27.38	1	2.52	1	5.04	28.12	27.38	28.05	403.86	398.97	12.494	15.749	23.73	29.91	499.8	1800	1289	72.56	-10	0.0341	0.7	-0.22	2.74	1.00	0.00	0.16	111115
44	"12:39:47"	8966.5	0	22	0.492	302	16.1	2.52	27.29	1	2.52	1	5.04	26.73	27.29	26.22	404.98	399.28	12.236	15.411	25.20	31.74	499.8	1800	1281	72.56	-10	0.0341	1.0	-0.22	2.74	1.00	0.00	0.16	111115
"12:42:45 2a_164"
45	"12:47:46"	9446.0	0	16.3	0.329	297	11.1	2.53	27.21	1	2.52	1	5.04	26.37	27.21	25.81	404.85	400.69	12.917	15.107	27.17	31.78	499.8	1800	1043	72.55	-10	0.0341	1.0	-0.22	2.74	1.00	0.00	0.16	111115
46	"12:48:13"	9473.0	0	16.4	0.327	296	11	2.52	27.17	1	2.52	1	5.04	26.20	27.17	25.55	404.73	400.55	12.896	15.069	27.40	32.01	499.8	1801	1046	72.56	-10	0.0341	1.0	-0.22	2.74	1.00	0.00	0.16	111115
"12:50:22 2d_219"
47	"12:56:14"	9954.5	0	13	0.282	303	9.64	2.53	27.21	1	2.52	1	5.04	25.57	27.21	24.31	403.26	399.90	13.132	15.031	28.96	33.15	499.9	1800	701	72.56	-10	0.0341	0.7	-0.22	2.74	1.00	0.00	0.16	111115
48	"12:57:00"	10000.0	0	13.6	0.224	280	7.66	2.51	26.96	1	2.52	1	5.04	25.33	26.96	24.44	403.15	399.81	13.131	14.642	29.38	32.76	499.9	1801	100	72.56	-10	0.0341	1.0	-0.22	2.74	1.00	0.00	0.16	111115
49	"13:01:25"	10265.5	0	12.3	0.242	294	8.5	2.58	27.39	1	2.52	1	5.04	26.22	27.39	25.60	402.02	398.87	13.194	14.869	28.01	31.57	499.8	1802	91	72.56	-10	0.0341	0.7	-0.22	2.74	1.00	0.00	0.16	111115
50	"13:02:24"	10325.0	0	13.7	0.238	285	8.04	2.48	26.90	1	2.52	1	5.04	26.14	26.90	25.94	403.63	400.25	13.217	14.802	28.19	31.57	499.8	1801	87	72.56	-10	0.0341	0.7	-0.22	2.74	1.00	0.00	0.16	111115
