"OPEN 6.2.4"
"Tue Aug 13 2019 10:15:45"
<open><version>"6.2.4"</version></open>
<open><configfile>"/User/Configs/UserPrefs/2x3 LED.xml"</configfile></open>
<open><light><source>"6400-02 or -02B LED Source"</source><par_in>1<sensor>"SI-3781"<cal>-0.93<actinity>1.00</actinity><transm>1.00</transm></cal></sensor><transm>1</transm></par_in><par_out>1<sensor>"Q49599"<cal>7.26</cal></sensor></par_out></light></open>
<open><comps><file>"/User/Configs/Comps/StdComps_6.2"<header>""</header><extras></extras></file><energybal>no<f_parIn>1</f_parIn><f_parOut>0</f_parOut><alphaK>0.16</alphaK></energybal><bc_total>5.036<stomatal_ratio>1</stomatal_ratio><bc_oneside>2.518<type>2</type><table>"/Sys/Lib/StdBLCTable"</table><area>1</area><slope>-0.219565</slope><offset>2.73739</offset><fan>5</fan></bc_oneside></bc_total></comps></open>
<open><prompts><onlog>off</onlog><items>"Default (none)"</items></prompts></open>
<open><constants><oxygen>21 %</oxygen><bb_vapor>1.5</bb_vapor><bb_oxy>0.9</bb_oxy></constants></open>
<open><stability><items>"Std Stability"<items[1]><id>-2</id><size>15</size><pcv><onoff>0</onoff><value>1</value></pcv><std><onoff>0</onoff><value>1</value></std><slp><onoff>1</onoff><value>1</value></slp></items[1]><items[2]><id>-5</id><size>15</size><pcv><onoff>0</onoff><value>1</value></pcv><std><onoff>0</onoff><value>1</value></std><slp><onoff>1</onoff><value>1</value></slp></items[2]><items[3]><id>-7</id><size>15</size><pcv><onoff>0</onoff><value>1</value></pcv><std><onoff>0</onoff><value>1</value></std><slp><onoff>1</onoff><value>1</value></slp></items[3]></items></stability></open>
<open><log><format>"StdLogFmt_6.0"<items>{ -35 -21 -36 -76 30 23 36 21 25 221 -33 111 -34 11 -9 -10 -8 -1 -2 -4 -5 -14 -15 -7 -12 -13 -11 -65 -66 -72 -18 -19 -77 -78 -79 -23  }<hdr>{  }</hdr></items></format><options><beep>on</beep><hdr>normal</hdr><rem>normal</rem><stab>no</stab><stats>no<mean>no</mean><file>no</file><period>15</period></stats><excel>yes</excel><controls>yes</controls><comm>no</comm></options><datafile>"/User/08132019_maxfield"</datafile><button><action>"Normal Log"<code>" LogOneObsManual "</code></action></button><autoprog>"/User/Configs/AutoProgs/AutoLog2"<active>no</active></autoprog></log></open>
<open><a2d><avgtime>4.0 secs</avgtime><userchans><ch20>"Off"</ch20><ch21>"Off"</ch21><ch22>"Off"</ch22><ch23>"Off"</ch23></userchans></a2d></open>
<open><matching><type>0</type><disp>'a'</disp><settings><CO2Limit>10.0</CO2Limit><H2OLimit>1.0</H2OLimit><MaxAutoTime>60</MaxAutoTime></settings></matching></open>
<li6400><factory><unit>"PSC-3840"</unit><serviced>"1 Jul 2013"</serviced><fuseaware>0</fuseaware><co2mixer>yes</co2mixer><co2><coeffs>{ 0 0.213319 2.22998e-05 2.13159e-08 -3.88664e-12 3.69888e-16  }</coeffs><dvdt>-4.7</dvdt><xs>{ 0.0009 -0.0002  }</xs></co2><h2o><coeffs>{ 0 0.00572751 2.23485e-06 -7.37877e-12  }</coeffs><dvdt>-1.7</dvdt><xs>{ 0.0009 -0.0028  }</xs></h2o><flow>{ 0 0.3568  }</flow><press>{ 88.437 0.00551  }</press></factory></li6400>
<li6400><user><flow_zero>-625.0</flow_zero><irga_zero><co2>156.2 -1289.1<at>28.2605</at></co2><h2o>1289.1 1328.1<at>28.3213</at></h2o></irga_zero><irga_span><co2>{ 0.99237 0.992833  }</co2><h2o>{ 1.00426 0.996799  }</h2o></irga_span><irga_match><co2>{ 0.419543 -10.0143  }</co2><h2o>{ 0.0658738 0.0340566  }</h2o></irga_match><co2_mixer><pump_mv>4500</pump_mv><ppm>{ 2920.2 1328.12 530.699 338.178 181.652 129.171 104.904 99.6975  }</ppm><mv>{ 5000 3000 1500 1000 500 300 200 100  }</mv></co2_mixer><parin_offset>0</parin_offset><led_cal><unit>"SI-3781"</unit><mv>{ 10 25 50 100 1000 2000 3000 4000 5000  }</mv><qntm>{ 4.69642 15.4417 35.4805 82.2863 972.665 1922.29 2824.32 3690.14 4518.2  }</qntm></led_cal><lcf_cal><unit>"unknown"</unit><red><mv>{ 50 100 500 1000 1500 5000  }</mv><qntm>{ 50 100 500 1000 2000 5000  }</qntm></red><blue><mv>{ 100 200 500 1000 2000 5000  }</mv><qntm>{ 10 20 50 100 200 500  }</qntm></blue></lcf_cal></user></li6400>
$STARTOFDATA$
"Obs"	"HHMMSS"	"FTime"	"EBal?"	"Photo"	"Cond"	"Ci"	"Trmmol"	"VpdL"	"CTleaf"	"Area"	"BLC_1"	"StmRat"	"BLCond"	"Tair"	"Tleaf"	"TBlk"	"CO2R"	"CO2S"	"H2OR"	"H2OS"	"RH_R"	"RH_S"	"Flow"	"PARi"	"PARo"	"Press"	"CsMch"	"HsMch"	"StableF"	"BLCslope"	"BLCoffst"	"f_parin"	"f_parout"	"alphaK"	"Status"
"10:18:31 Flow: Fixed -> 500 umol/s"
"10:22:05 Flow: Fixed -> 500 umol/s"
"10:22:25 2b_85"
"10:24:16 Lamp: Off"
"10:24:24 Lamp: ParIn ->  1800 uml"
"10:25:06 2b_138 actually"
"10:26:17 Flow: Fixed -> 500 umol/s"
1	"10:30:16"	895.5	0	23.6	0.382	275	13.1	2.6	26.12	1	2.52	1	5.04	29.44	26.12	31.00	405.78	400.00	8.418	11.001	14.84	19.40	499.8	1801	82	72.71	-11.2	0.0809	0.7	-0.22	2.74	1.00	0.00	0.16	111115
2	"10:30:45"	924.5	0	22.1	0.376	279	13.3	2.68	26.55	1	2.52	1	5.04	29.80	26.55	31.11	405.53	400.04	8.429	11.061	14.55	19.09	499.8	1800	821	72.71	-11.2	0.0809	1.0	-0.22	2.74	1.00	0.00	0.16	111115
"10:32:59 6a_150"
3	"10:35:17"	1197.0	0	19.1	0.342	285	11.7	2.58	26.02	1	2.52	1	5.04	27.45	26.02	28.34	404.78	400.02	8.728	11.038	17.26	21.83	499.8	1799	1222	72.68	-11.2	0.0809	1.0	-0.22	2.74	1.00	0.00	0.16	111115
4	"10:35:36"	1216.0	0	18.4	0.34	289	11.7	2.6	26.15	1	2.52	1	5.04	27.57	26.15	28.37	404.92	400.30	8.748	11.067	17.18	21.73	499.8	1799	1232	72.68	-11.2	0.0809	1.0	-0.22	2.74	1.00	0.00	0.16	111115
"10:38:06 4d_49"
5	"10:41:09"	1549.5	0	25.3	0.452	283	15.8	2.69	27.07	1	2.52	1	5.04	29.31	27.07	30.30	406.38	400.05	9.369	12.490	16.64	22.19	499.8	1801	400	72.71	-11.2	0.0809	0.7	-0.22	2.74	1.00	0.00	0.16	111115
6	"10:41:47"	1587.0	0	25.5	0.447	281	15.6	2.68	27.04	1	2.52	1	5.04	29.17	27.04	30.12	406.44	400.10	9.351	12.437	16.74	22.26	499.8	1801	397	72.71	-11.2	0.0809	1.0	-0.22	2.74	1.00	0.00	0.16	111115
"10:44:23 2d_210"
7	"10:46:40"	1880.0	0	15.9	0.316	293	11.7	2.77	27.37	1	2.52	1	5.04	28.86	27.37	28.91	402.95	398.84	9.821	12.135	17.90	22.12	499.8	1799	307	72.71	-11.2	0.0809	0.7	-0.22	2.74	1.00	0.00	0.16	111115
8	"10:48:54"	2014.0	0	20.3	0.292	263	10.6	2.72	26.99	1	2.52	1	5.04	28.30	26.99	28.89	404.75	399.84	9.670	11.775	18.21	22.17	499.7	1800	388	72.71	-11.2	0.0809	1.0	-0.22	2.74	1.00	0.00	0.16	111115
"10:50:52 1c_57"
9	"10:53:46"	2306.0	0	23.4	0.313	255	10.8	2.59	26.39	1	2.52	1	5.04	28.18	26.39	29.16	405.48	399.93	9.755	11.893	18.50	22.56	499.8	1800	63	72.71	-11.2	0.0809	1.0	-0.22	2.74	1.00	0.00	0.16	111115
10	"10:54:13"	2333.5	0	25.6	0.32	246	10.8	2.53	26.12	1	2.52	1	5.04	28.24	26.12	29.40	405.43	399.45	9.759	11.897	18.45	22.48	499.8	1800	60	72.71	-11.2	0.0809	0.7	-0.22	2.74	1.00	0.00	0.16	111115
"10:56:10 1d_20"
11	"10:59:21"	2642.0	0	8.97	0.226	311	8.47	2.76	27.27	1	2.52	1	5.04	28.38	27.27	28.59	401.96	399.48	10.332	12.006	19.36	22.50	499.7	1799	574	72.71	-11.2	0.0809	1.0	-0.22	2.74	1.00	0.00	0.16	111115
12	"10:59:30"	2651.0	0	9.25	0.223	308	8.37	2.77	27.27	1	2.52	1	5.04	28.30	27.27	28.76	401.86	399.34	10.323	11.977	19.43	22.55	499.7	1799	574	72.71	-11.2	0.0809	0.7	-0.22	2.74	1.00	0.00	0.16	111115
"11:02:14 5a_185"
13	"11:05:34"	3015.0	0	8.72	0.205	307	7.62	2.72	27.06	1	2.52	1	5.04	27.47	27.06	27.77	401.44	399.09	10.438	11.944	20.62	23.59	499.8	1800	477	72.69	-11.2	0.0809	1.0	-0.22	2.74	1.00	0.00	0.16	111115
14	"11:06:39"	3080.0	0	10.9	0.2	287	7.48	2.74	27.14	1	2.52	1	5.04	27.50	27.14	27.77	401.45	398.68	10.414	11.892	20.54	23.45	499.8	1801	484	72.69	-11.2	0.0809	1.0	-0.22	2.74	1.00	0.00	0.16	111115
"11:08:58 2c_293"
15	"11:12:46"	3447.5	0	7.37	0.143	293	5.39	2.74	27.01	1	2.52	1	5.04	27.91	27.01	28.36	400.84	398.94	10.495	11.560	20.21	22.26	499.8	1800	836	72.71	-11.2	0.0809	1.0	-0.22	2.74	1.00	0.00	0.16	111115
16	"11:13:23"	3484.0	0	7.35	0.124	281	4.69	2.74	26.96	1	2.52	1	5.04	27.91	26.96	28.35	400.92	399.08	10.482	11.410	20.19	21.98	499.8	1800	783	72.71	-11.2	0.0809	1.0	-0.22	2.74	1.00	0.00	0.16	111115
"11:17:03 6d_56"
17	"11:20:26"	3908.0	0	21.9	0.563	312	18.4	2.55	27.00	1	2.52	1	5.04	27.63	27.00	27.96	406.26	400.42	10.474	14.101	20.50	27.59	499.8	1800	149	72.68	-11.2	0.0809	1.0	-0.22	2.74	1.00	0.00	0.16	111115
18	"11:21:01"	3943.0	0	22.7	0.561	309	18.3	2.55	26.98	1	2.52	1	5.04	27.52	26.98	27.77	405.88	399.88	10.440	14.051	20.56	27.68	499.8	1799	174	72.68	-11.2	0.0809	1.0	-0.22	2.74	1.00	0.00	0.16	111115
"11:23:18 3d_838"
"11:23:41 3b_838_actual"
19	"11:26:47"	4289.0	0	15.1	0.371	310	12.2	2.49	26.37	1	2.52	1	5.04	27.41	26.37	28.19	403.11	399.12	10.780	13.190	21.38	26.16	499.8	1799	291	72.71	-11.2	0.0809	0.7	-0.22	2.74	1.00	0.00	0.16	111115
20	"11:27:28"	4329.5	0	16	0.371	306	12.3	2.51	26.49	1	2.52	1	5.04	27.59	26.49	28.16	403.33	399.14	10.857	13.283	21.30	26.06	499.8	1801	430	72.71	-11.2	0.0809	1.0	-0.22	2.74	1.00	0.00	0.16	111115
"11:30:35 6b_12"
21	"11:33:23"	4685.0	0	14.3	0.396	316	13.7	2.63	27.21	1	2.52	1	5.04	26.58	27.21	26.13	403.00	399.04	11.011	13.714	22.92	28.54	499.8	1800	611	72.68	-11.2	0.0809	1.0	-0.22	2.74	1.00	0.00	0.16	111115
22	"11:35:31"	4813.0	0	18.5	0.35	289	12.2	2.63	27.10	1	2.52	1	5.04	26.17	27.10	25.81	404.04	399.37	10.939	13.351	23.33	28.47	499.8	1799	511	72.69	-11.2	0.0809	1.0	-0.22	2.74	1.00	0.00	0.16	111115
"11:40:27 5c_218"
23	"11:43:30"	5293.0	0	10.3	0.051	61	1.99	2.77	27.08	1	2.52	1	5.04	26.34	27.08	26.01	402.26	400.05	10.906	11.299	23.03	23.85	499.8	1799	132	72.7	-11.2	0.0809	1.0	-0.22	2.74	1.00	0.00	0.16	111115
24	"11:43:50"	5312.5	0	9.86	0.0497	65.2	1.93	2.77	27.03	1	2.52	1	5.04	26.32	27.03	26.00	401.92	399.79	10.891	11.273	23.03	23.83	499.8	1800	132	72.7	-11.2	0.0809	1.0	-0.22	2.74	1.00	0.00	0.16	111115
"11:47:28 1b_650"
25	"11:51:09"	5751.5	0	19.9	0.426	298	14.6	2.62	27.17	1	2.52	1	5.04	26.01	27.17	25.39	404.13	398.98	10.813	13.696	23.29	29.50	499.9	1799	556	72.71	-11.2	0.0809	0.7	-0.22	2.74	1.00	0.00	0.16	111115
26	"11:51:37"	5780.0	0	21	0.421	293	14.4	2.61	27.12	1	2.52	1	5.04	25.83	27.12	25.22	404.33	398.98	10.835	13.679	23.58	29.77	499.9	1799	467	72.71	-11.2	0.0809	1.0	-0.22	2.74	1.00	0.00	0.16	111115
"11:54:05 4c_630"
27	"12:01:09"	6351.5	0	7.54	0.101	258	3.71	2.64	26.85	1	2.52	1	5.04	25.40	26.85	24.85	401.36	399.56	11.730	12.463	26.18	27.82	499.9	1799	299	72.71	-11.2	0.0809	1.0	-0.22	2.74	1.00	0.00	0.16	111115
28	"12:01:27"	6370.0	0	7.73	0.0961	249	3.54	2.65	26.86	1	2.52	1	5.04	25.42	26.86	24.83	401.44	399.61	11.736	12.435	26.17	27.73	499.9	1799	297	72.71	-11.2	0.0809	1.0	-0.22	2.74	1.00	0.00	0.16	111115
"12:04:38 2a_685"
"12:05:56 Lamp: ParIn ->  1800 uml"
"12:05:57 CO2 Mixer: CO2S -> 400 uml"
"12:05:57 Coolers: Tleaf -> 27.00 C"
"12:05:57 Flow: Fixed -> 500 umol/s"
"12:08:10 Flow: Fixed -> 500 umol/s"
"12:08:58 2a_685"
29	"12:11:30"	6970.0	0	8.45	0.145	285	5.34	2.66	27.17	1	2.52	1	5.04	25.15	27.17	24.05	402.83	400.71	12.049	13.104	27.31	29.70	499.8	1799	1191	72.7	-11.1	0.118	1.0	-0.22	2.74	1.00	0.00	0.16	111115
30	"12:12:05"	7004.5	0	8.8	0.149	283	5.45	2.65	27.12	1	2.52	1	5.04	24.94	27.12	23.81	402.54	400.35	12.038	13.114	27.62	30.09	499.8	1800	1197	72.69	-11.1	0.118	0.7	-0.22	2.74	1.00	0.00	0.16	111115
"12:14:27 3d_894"
31	"12:20:32"	7512.0	0	8.11	0.342	338	11.7	2.58	27.18	1	2.52	1	5.04	25.64	27.18	24.78	402.55	399.98	11.946	14.260	26.29	31.38	499.8	1799	939	72.7	-11.1	0.118	1.0	-0.22	2.74	1.00	0.00	0.16	111115
32	"12:20:53"	7533.0	0	8.31	0.339	337	11.7	2.58	27.17	1	2.52	1	5.04	25.52	27.17	24.58	402.40	399.80	11.927	14.226	26.44	31.54	499.7	1799	940	72.7	-11.1	0.118	1.0	-0.22	2.74	1.00	0.00	0.16	111115
"12:24:37 5b_287"
33	"12:29:28"	8048.5	0	12.8	0.199	274	7.09	2.61	27.18	1	2.52	1	5.04	24.81	27.18	23.52	403.23	400.10	12.501	13.900	28.90	32.13	499.8	1801	1926	72.68	-11.1	0.118	1.0	-0.22	2.74	1.00	0.00	0.16	111115
34	"12:30:24"	8104.5	0	13.6	0.199	267	7.01	2.57	27.06	1	2.52	1	5.04	24.49	27.06	23.27	403.12	399.84	12.607	13.990	29.71	32.97	499.8	1801	1957	72.69	-11.1	0.118	1.0	-0.22	2.74	1.00	0.00	0.16	111115
"12:32:20 4a_71"
"12:33:00 4a_71"
35	"12:39:41"	8662.0	0	12.6	0.226	287	8.22	2.68	27.31	1	2.52	1	5.04	25.54	27.31	24.35	403.61	400.42	11.692	13.314	25.89	29.48	499.8	1800	2107	72.68	-11.1	0.118	0.7	-0.22	2.74	1.00	0.00	0.16	111115
36	"12:40:07"	8687.5	0	13.1	0.216	279	7.81	2.65	27.15	1	2.52	1	5.04	25.20	27.15	23.93	403.18	399.95	11.641	13.182	26.29	29.78	499.9	1799	347	72.69	-11.1	0.118	0.7	-0.22	2.74	1.00	0.00	0.16	111115
"12:42:02 4b_206"
37	"12:48:45"	9206.5	0	0.736	0.0165	306	0.648	2.77	27.21	1	2.52	1	5.04	24.03	27.21	22.44	399.23	399.03	11.621	11.749	28.15	28.46	499.9	1799	1616	72.69	-11.1	0.118	0.7	-0.22	2.74	1.00	0.00	0.16	111115
38	"12:49:22"	9243.0	0	0.828	0.0184	305	0.726	2.79	27.32	1	2.52	1	5.04	23.81	27.32	22.06	399.48	399.25	11.672	11.815	28.65	29.00	499.8	1800	1629	72.69	-11.1	0.118	1.0	-0.22	2.74	1.00	0.00	0.16	111115
"12:51:22 3c_123"
39	"13:02:17"	10018.5	0	1.2	0.212	367	7.73	2.68	27.10	1	2.52	1	5.04	23.75	27.10	22.12	400.00	399.14	11.147	12.675	27.46	31.22	499.8	1800	1759	72.69	-11.1	0.118	1.0	-0.22	2.74	1.00	0.00	0.16	111115
40	"13:02:29"	10030.5	0	1.1	0.211	367	7.69	2.67	27.07	1	2.52	1	5.04	23.69	27.07	22.07	399.83	399.00	11.141	12.660	27.54	31.30	499.9	1799	1759	72.69	-11.1	0.118	1.0	-0.22	2.74	1.00	0.00	0.16	111115
"13:04:43 3a_129"
41	"13:07:23"	10325.0	0	10.8	0.137	250	5.3	2.8	27.48	1	2.52	1	5.04	23.57	27.48	21.98	402.09	399.50	11.140	12.186	27.75	30.35	499.8	1799	1191	72.69	-11.1	0.118	1.0	-0.22	2.74	1.00	0.00	0.16	111115
42	"13:08:26"	10388.0	0	12	0.137	236	5.35	2.81	27.58	1	2.52	1	5.04	23.65	27.58	22.05	401.94	399.11	11.162	12.219	27.67	30.29	499.8	1800	1225	72.69	-11.1	0.118	1.0	-0.22	2.74	1.00	0.00	0.16	111115
"13:11:04 6c_113"
"13:11:56 Lamp: ParIn ->  1800 uml"
"13:11:57 CO2 Mixer: CO2S -> 400 uml"
"13:11:57 Coolers: Tleaf -> 27.00 C"
"13:11:57 Flow: Fixed -> 500 umol/s"
43	"13:13:53"	10713.0	0	8.85	0.277	323	10.4	2.79	27.91	1	2.52	1	5.04	24.84	27.91	23.14	402.34	399.74	11.535	13.590	26.62	31.36	499.8	1799	2154	72.67	-11.1	0.118	1.0	-0.22	2.74	1.00	0.00	0.16	111115
44	"13:14:25"	10745.5	0	9.37	0.27	319	10.2	2.79	27.94	1	2.52	1	5.04	24.64	27.94	22.94	402.37	399.68	11.600	13.612	27.08	31.77	499.8	1799	2155	72.66	-11.1	0.118	1.0	-0.22	2.74	1.00	0.00	0.16	111115
"13:16:57 1a_225"
45	"13:21:04"	11144.0	0	12.3	0.0775	128	2.91	2.69	27.06	1	2.52	1	5.04	24.14	27.06	22.68	403.15	400.46	11.906	12.480	28.65	30.04	499.9	1801	1400	72.69	-11.1	0.118	1.0	-0.22	2.74	1.00	0.00	0.16	111115
46	"13:21:13"	11153.5	0	12.2	0.0715	108	2.69	2.69	27.05	1	2.52	1	5.04	24.14	27.05	22.68	403.20	400.54	11.920	12.451	28.69	29.96	499.8	1801	1400	72.69	-11.1	0.118	0.7	-0.22	2.74	1.00	0.00	0.16	111115
"13:23:54 5d_250"
47	"13:26:08"	11448.5	0	29.3	0.472	273	15.5	2.52	27.22	1	2.52	1	5.04	24.96	27.22	23.51	406.86	399.75	12.101	15.154	27.73	34.72	499.8	1799	1455	72.68	-11.1	0.118	0.7	-0.22	2.74	1.00	0.00	0.16	111115
48	"13:26:32"	11473.0	0	32.2	0.471	262	15.5	2.53	27.22	1	2.52	1	5.04	24.87	27.22	23.60	406.91	399.22	12.093	15.142	27.85	34.87	499.8	1799	1458	72.68	-11.1	0.118	0.7	-0.22	2.74	1.00	0.00	0.16	111115
