"OPEN 6.2.4"
"Wed Aug 14 2019 10:22:15"
<open><version>"6.2.4"</version></open>
<open><configfile>"/User/Configs/UserPrefs/2x3 LED.xml"</configfile></open>
<open><light><source>"6400-02 or -02B LED Source"</source><par_in>1<sensor>"SI-3781"<cal>-0.93<actinity>1.00</actinity><transm>1.00</transm></cal></sensor><transm>1</transm></par_in><par_out>1<sensor>"Q49599"<cal>7.26</cal></sensor></par_out></light></open>
<open><comps><file>"/User/Configs/Comps/StdComps_6.2"<header>""</header><extras></extras></file><energybal>no<f_parIn>1</f_parIn><f_parOut>0</f_parOut><alphaK>0.16</alphaK></energybal><bc_total>5.036<stomatal_ratio>1</stomatal_ratio><bc_oneside>2.518<type>2</type><table>"/Sys/Lib/StdBLCTable"</table><area>1</area><slope>-0.219565</slope><offset>2.73739</offset><fan>5</fan></bc_oneside></bc_total></comps></open>
<open><prompts><onlog>off</onlog><items>"Default (none)"</items></prompts></open>
<open><constants><oxygen>21 %</oxygen><bb_vapor>1.5</bb_vapor><bb_oxy>0.9</bb_oxy></constants></open>
<open><stability><items>"Std Stability"<items[1]><id>-2</id><size>15</size><pcv><onoff>0</onoff><value>1</value></pcv><std><onoff>0</onoff><value>1</value></std><slp><onoff>1</onoff><value>1</value></slp></items[1]><items[2]><id>-5</id><size>15</size><pcv><onoff>0</onoff><value>1</value></pcv><std><onoff>0</onoff><value>1</value></std><slp><onoff>1</onoff><value>1</value></slp></items[2]><items[3]><id>-7</id><size>15</size><pcv><onoff>0</onoff><value>1</value></pcv><std><onoff>0</onoff><value>1</value></std><slp><onoff>1</onoff><value>1</value></slp></items[3]></items></stability></open>
<open><log><format>"StdLogFmt_6.0"<items>{ -35 -21 -36 -76 30 23 36 21 25 221 -33 111 -34 11 -9 -10 -8 -1 -2 -4 -5 -14 -15 -7 -12 -13 -11 -65 -66 -72 -18 -19 -77 -78 -79 -23  }<hdr>{  }</hdr></items></format><options><beep>on</beep><hdr>normal</hdr><rem>normal</rem><stab>no</stab><stats>no<mean>no</mean><file>no</file><period>15</period></stats><excel>yes</excel><controls>yes</controls><comm>no</comm></options><datafile>"/User/08142019_maxfield"</datafile><button><action>"Normal Log"<code>" LogOneObsManual "</code></action></button><autoprog>"/User/Configs/AutoProgs/AutoLog2"<active>no</active></autoprog></log></open>
<open><a2d><avgtime>4.0 secs</avgtime><userchans><ch20>"Off"</ch20><ch21>"Off"</ch21><ch22>"Off"</ch22><ch23>"Off"</ch23></userchans></a2d></open>
<open><matching><type>0</type><disp>'a'</disp><settings><CO2Limit>10.0</CO2Limit><H2OLimit>1.0</H2OLimit><MaxAutoTime>60</MaxAutoTime></settings></matching></open>
<li6400><factory><unit>"PSC-3840"</unit><serviced>"1 Jul 2013"</serviced><fuseaware>0</fuseaware><co2mixer>yes</co2mixer><co2><coeffs>{ 0 0.213319 2.22998e-05 2.13159e-08 -3.88664e-12 3.69888e-16  }</coeffs><dvdt>-4.7</dvdt><xs>{ 0.0009 -0.0002  }</xs></co2><h2o><coeffs>{ 0 0.00572751 2.23485e-06 -7.37877e-12  }</coeffs><dvdt>-1.7</dvdt><xs>{ 0.0009 -0.0028  }</xs></h2o><flow>{ 0 0.3568  }</flow><press>{ 88.437 0.00551  }</press></factory></li6400>
<li6400><user><flow_zero>-625.0</flow_zero><irga_zero><co2>156.2 -1289.1<at>28.2605</at></co2><h2o>1289.1 1328.1<at>28.3213</at></h2o></irga_zero><irga_span><co2>{ 0.99237 0.992833  }</co2><h2o>{ 1.00426 0.996799  }</h2o></irga_span><irga_match><co2>{ 0.419543 -11.0906  }</co2><h2o>{ 0.0658738 0.118347  }</h2o></irga_match><co2_mixer><pump_mv>4500</pump_mv><ppm>{ 2923.74 1333.04 536.94 344.371 188.031 135.747 111.531 106.737  }</ppm><mv>{ 5000 3000 1500 1000 500 300 200 100  }</mv></co2_mixer><parin_offset>0</parin_offset><led_cal><unit>"SI-3781"</unit><mv>{ 10 25 50 100 1000 2000 3000 4000 5000  }</mv><qntm>{ 4.69642 15.4417 35.4805 82.2863 972.665 1922.29 2824.32 3690.14 4518.2  }</qntm></led_cal><lcf_cal><unit>"unknown"</unit><red><mv>{ 50 100 500 1000 1500 5000  }</mv><qntm>{ 50 100 500 1000 2000 5000  }</qntm></red><blue><mv>{ 100 200 500 1000 2000 5000  }</mv><qntm>{ 10 20 50 100 200 500  }</qntm></blue></lcf_cal></user></li6400>
"10:22:15 "
$STARTOFDATA$
"Obs"	"HHMMSS"	"FTime"	"EBal?"	"Photo"	"Cond"	"Ci"	"Trmmol"	"VpdL"	"CTleaf"	"Area"	"BLC_1"	"StmRat"	"BLCond"	"Tair"	"Tleaf"	"TBlk"	"CO2R"	"CO2S"	"H2OR"	"H2OS"	"RH_R"	"RH_S"	"Flow"	"PARi"	"PARo"	"Press"	"CsMch"	"HsMch"	"StableF"	"BLCslope"	"BLCoffst"	"f_parin"	"f_parout"	"alphaK"	"Status"
"10:24:40 Flow: Fixed -> 500 umol/s"
"10:29:49 6a_153"
1	"10:32:19"	622.0	0	10.5	0.268	311	10.7	2.99	26.78	1	2.52	1	5.04	30.29	26.78	32.09	402.67	399.72	5.363	7.495	9.01	12.59	499.9	1799	1235	72.75	-13.8	0.346	1.0	-0.22	2.74	1.00	0.00	0.16	111115
2	"10:33:32"	694.5	0	10.4	0.237	302	10.2	3.17	27.61	1	2.52	1	5.04	30.21	27.61	30.55	402.06	399.18	5.478	7.494	9.24	12.65	499.8	1799	1213	72.75	-13.8	0.346	0.7	-0.22	2.74	1.00	0.00	0.16	111115
"10:35:33 5a_198"
3	"10:39:43"	1066.0	0	19.7	0.266	254	10.4	2.92	26.68	1	2.52	1	5.04	27.52	26.68	28.38	404.35	399.58	6.142	8.208	12.11	16.18	499.8	1801	742	72.77	-13.8	0.346	1.0	-0.22	2.74	1.00	0.00	0.16	111115
4	"10:40:12"	1095.5	0	20	0.261	250	10.4	2.96	26.90	1	2.52	1	5.04	27.56	26.90	28.09	404.41	399.57	6.211	8.274	12.22	16.28	499.8	1800	755	72.77	-13.8	0.346	1.0	-0.22	2.74	1.00	0.00	0.16	111115
5	"10:45:47"	1430.0	0	9.58	0.192	294	7.66	2.93	26.81	1	2.52	1	5.04	27.69	26.81	28.16	401.61	399.08	6.883	8.404	13.44	16.41	499.8	1799	328	72.77	-13.8	0.346	1.0	-0.22	2.74	1.00	0.00	0.16	111115
6	"10:46:09"	1452.5	0	10.8	0.188	282	7.47	2.91	26.72	1	2.52	1	5.04	27.71	26.72	28.40	401.68	398.91	6.910	8.391	13.48	16.37	499.8	1799	287	72.77	-13.8	0.346	0.7	-0.22	2.74	1.00	0.00	0.16	111115
"10:50:23 1b_647"
7	"10:54:29"	1953.5	0	7.19	0.184	310	7.63	3.03	27.45	1	2.52	1	5.04	29.26	27.45	29.85	400.75	398.71	7.314	8.827	13.04	15.74	499.8	1800	120	72.79	-13.8	0.346	1.0	-0.22	2.74	1.00	0.00	0.16	111115
8	"10:55:54"	2038.5	0	10.2	0.146	264	5.95	2.96	27.01	1	2.52	1	5.04	29.13	27.01	30.39	403.06	400.54	7.317	8.498	13.14	15.26	499.8	1801	109	72.8	-13.8	0.346	1.0	-0.22	2.74	1.00	0.00	0.16	111115
"10:58:54 4b_211"
9	"11:03:25"	2489.0	0	10.9	0.208	290	8.24	2.92	26.94	1	2.52	1	5.04	28.80	26.94	29.66	402.38	399.55	7.262	8.897	13.30	16.29	499.8	1799	357	72.79	-13.8	0.346	1.0	-0.22	2.74	1.00	0.00	0.16	111115
10	"11:03:55"	2519.0	0	11.7	0.204	282	8.05	2.91	26.88	1	2.52	1	5.04	28.76	26.88	29.54	402.18	399.19	7.284	8.881	13.37	16.30	499.9	1798	357	72.79	-13.8	0.346	1.0	-0.22	2.74	1.00	0.00	0.16	111115
"11:06:38 3a_655"
11	"11:08:58"	2822.0	0	13.9	0.0961	145	4.14	3.1	27.65	1	2.52	1	5.04	28.95	27.65	29.52	403.31	400.19	7.704	8.525	13.98	15.47	499.8	1799	1275	72.79	-13.8	0.346	1.0	-0.22	2.74	1.00	0.00	0.16	111115
12	"11:09:10"	2835.0	0	11.8	0.0943	177	4.1	3.13	27.81	1	2.52	1	5.04	28.81	27.81	28.59	403.34	400.65	7.717	8.531	14.12	15.61	499.8	1799	1132	72.79	-13.8	0.346	0.7	-0.22	2.74	1.00	0.00	0.16	111115
"11:12:26 4a_62"
13	"11:16:17"	3261.5	0	5.9	0.128	302	5.05	2.85	26.90	1	2.52	1	5.04	27.50	26.90	28.02	401.00	399.42	8.734	9.734	17.25	19.23	499.8	1799	189	72.79	-13.8	0.346	1.0	-0.22	2.74	1.00	0.00	0.16	111115
14	"11:16:48"	3293.0	0	5.82	0.126	301	4.95	2.86	26.94	1	2.52	1	5.04	27.45	26.94	27.78	401.09	399.53	8.780	9.761	17.39	19.34	499.8	1800	191	72.79	-13.8	0.346	1.0	-0.22	2.74	1.00	0.00	0.16	111115
"11:19:33 5c_202"
15	"11:22:27"	3632.0	0	6.67	0.0519	174	2.17	2.99	27.66	1	2.52	1	5.04	26.88	27.66	25.96	401.96	400.46	9.644	10.075	19.75	20.63	499.8	1800	186	72.78	-13.8	0.346	0.7	-0.22	2.74	1.00	0.00	0.16	111115
16	"11:22:46"	3651.5	0	6.93	0.0513	163	2.12	2.95	27.49	1	2.52	1	5.04	26.45	27.49	25.61	401.60	400.04	9.705	10.125	20.39	21.27	499.8	1800	179	72.78	-13.8	0.346	0.7	-0.22	2.74	1.00	0.00	0.16	111115
"11:24:57 5c_211"
17	"11:28:11"	3975.5	0	9.4	0.0594	128	2.24	2.7	26.29	1	2.52	1	5.04	26.75	26.29	27.80	402.11	400.05	9.690	10.133	20.00	20.92	499.7	1800	171	72.78	-13.8	0.346	1.0	-0.22	2.74	1.00	0.00	0.16	111115
18	"11:29:29"	4054.0	0	8.88	0.0618	150	2.38	2.76	26.59	1	2.52	1	5.04	27.16	26.59	28.04	401.73	399.76	9.646	10.118	19.43	20.38	499.8	1799	68	72.78	-13.8	0.346	0.7	-0.22	2.74	1.00	0.00	0.16	111115
"11:31:30 5d_289"
19	"11:35:20"	4406.0	0	20.2	0.302	267	11.5	2.84	27.70	1	2.52	1	5.04	26.13	27.70	24.56	405.15	400.19	9.911	12.184	21.21	26.07	499.8	1800	1632	72.77	-13.8	0.346	0.7	-0.22	2.74	1.00	0.00	0.16	111115
20	"11:36:59"	4505.0	0	23.3	0.296	247	10.9	2.75	27.23	1	2.52	1	5.04	25.38	27.23	24.25	404.42	398.88	9.867	12.026	22.07	26.90	499.8	1799	1642	72.77	-13.8	0.346	1.0	-0.22	2.74	1.00	0.00	0.16	111115
"11:39:47 6b_21"
21	"11:44:21"	4946.5	0	8.81	0.0846	211	3.37	2.86	27.25	1	2.52	1	5.04	26.48	27.25	25.91	402.20	400.17	9.919	10.587	20.79	22.19	499.8	1800	747	72.75	-13.8	0.346	0.7	-0.22	2.74	1.00	0.00	0.16	111115
22	"11:45:08"	4993.5	0	10.1	0.0738	161	2.96	2.87	27.28	1	2.52	1	5.04	26.09	27.28	25.43	401.79	399.54	9.962	10.548	21.36	22.62	499.8	1800	112	72.75	-13.8	0.346	0.7	-0.22	2.74	1.00	0.00	0.16	111115
"11:47:23 2c_293"
23	"11:50:25"	5311.0	0	8.77	0.0924	225	3.67	2.85	27.22	1	2.52	1	5.04	26.81	27.22	26.61	401.50	399.45	9.917	10.642	20.40	21.89	499.8	1799	1459	72.78	-13.8	0.346	0.7	-0.22	2.74	1.00	0.00	0.16	111115
24	"11:51:55"	5401.5	0	8.68	0.0606	150	2.42	2.85	27.14	1	2.52	1	5.04	26.43	27.14	26.01	400.77	398.85	9.946	10.424	20.91	21.92	499.9	1799	153	72.78	-13.8	0.346	0.7	-0.22	2.74	1.00	0.00	0.16	111115
"11:54:22 4c_106"
25	"12:00:04"	5890.5	0	13.4	0.127	206	4.94	2.82	27.24	1	2.52	1	5.04	25.61	27.24	24.60	401.92	398.84	10.139	11.117	22.38	24.53	499.9	1799	1396	72.77	-13.8	0.346	1.0	-0.22	2.74	1.00	0.00	0.16	111115
26	"12:00:16"	5902.0	0	13.6	0.122	198	4.75	2.82	27.23	1	2.52	1	5.04	25.53	27.23	24.38	401.75	398.66	10.148	11.088	22.51	24.59	499.9	1799	1396	72.77	-13.8	0.346	1.0	-0.22	2.74	1.00	0.00	0.16	111115
"12:02:31 6d_56"
27	"12:05:29"	6215.0	0	21.7	0.378	281	13	2.61	26.91	1	2.52	1	5.04	25.75	26.91	25.22	404.56	399.17	10.440	13.016	22.85	28.48	499.9	1799	293	72.74	-13.8	0.346	1.0	-0.22	2.74	1.00	0.00	0.16	111115
28	"12:06:13"	6259.5	0	22.6	0.38	278	13.2	2.63	27.01	1	2.52	1	5.04	25.78	27.01	25.22	404.57	399.00	10.531	13.130	22.99	28.67	499.9	1800	299	72.74	-13.8	0.346	1.0	-0.22	2.74	1.00	0.00	0.16	111115
"12:09:29 4d_37"
29	"12:12:12"	6619.0	0	11.7	0.0778	139	2.96	2.73	26.97	1	2.52	1	5.04	25.13	26.97	24.05	401.89	399.31	11.038	11.624	25.07	26.40	499.9	1799	875	72.76	-13.8	0.346	0.7	-0.22	2.74	1.00	0.00	0.16	111115
30	"12:12:52"	6658.5	0	12.5	0.0803	130	3.04	2.71	26.90	1	2.52	1	5.04	25.08	26.90	24.05	401.92	399.17	11.006	11.607	25.07	26.44	499.9	1800	852	72.76	-13.8	0.346	1.0	-0.22	2.74	1.00	0.00	0.16	111115
"12:16:08 2a_164"
31	"12:19:59"	7086.5	0	14.9	0.272	288	9.83	2.69	27.22	1	2.52	1	5.04	26.78	27.22	26.56	404.09	400.32	10.944	12.885	22.54	26.54	499.9	1799	186	72.76	-13.8	0.346	0.7	-0.22	2.74	1.00	0.00	0.16	111115
32	"12:20:35"	7122.0	0	14.6	0.251	282	9.18	2.71	27.28	1	2.52	1	5.04	26.60	27.28	26.13	403.75	400.08	10.963	12.775	22.82	26.59	499.8	1800	649	72.76	-13.8	0.346	1.0	-0.22	2.74	1.00	0.00	0.16	111115
"12:21:36 2a_164"
"12:23:25 3b_619"
33	"12:27:38"	7545.5	0	9.9	0.162	278	6.14	2.77	27.27	1	2.52	1	5.04	25.92	27.27	24.84	402.87	400.40	10.747	11.961	23.28	25.91	499.9	1799	1636	72.76	-13.8	0.346	0.7	-0.22	2.74	1.00	0.00	0.16	111115
34	"12:28:39"	7606.0	0	12.6	0.145	237	5.52	2.77	27.25	1	2.52	1	5.04	25.14	27.25	23.87	402.95	399.99	10.722	11.815	24.33	26.80	499.9	1798	1663	72.76	-13.8	0.346	1.0	-0.22	2.74	1.00	0.00	0.16	111115
"12:30:47 Lamp: ParIn ->  1800 uml"
"12:30:47 CO2 Mixer: CO2S -> 400 uml"
"12:30:47 Coolers: Tleaf -> 27.00 C"
"12:30:47 Flow: Fixed -> 500 umol/s"
"12:32:31 Flow: Fixed -> 500 umol/s"
"12:33:23 2d_184"
35	"12:37:54"	8156.5	0	9.53	0.122	253	4.68	2.77	27.13	1	2.52	1	5.04	25.20	27.13	23.77	402.84	400.56	10.635	11.561	24.04	26.13	499.8	1799	1575	72.76	-13.2	0.399	0.7	-0.22	2.74	1.00	0.00	0.16	111115
36	"12:38:03"	8165.5	0	10.7	0.119	233	4.56	2.77	27.13	1	2.52	1	5.04	25.11	27.13	23.79	402.63	400.11	10.637	11.540	24.18	26.24	499.8	1799	1597	72.76	-13.2	0.399	0.7	-0.22	2.74	1.00	0.00	0.16	111115
"12:40:28 1a_230"
37	"12:43:30"	8493.5	0	9.94	0.202	296	7.73	2.8	27.42	1	2.52	1	5.04	26.96	27.42	26.21	402.35	399.74	10.399	11.928	21.19	24.31	499.7	1799	1111	72.76	-13.2	0.399	1.0	-0.22	2.74	1.00	0.00	0.16	111115
38	"12:43:40"	8503.0	0	9.53	0.201	299	7.62	2.78	27.31	1	2.52	1	5.04	26.71	27.31	26.00	401.73	399.21	10.409	11.915	21.52	24.64	499.8	1799	1105	72.76	-13.2	0.399	1.0	-0.22	2.74	1.00	0.00	0.16	111115
"12:47:30 6c_116"
39	"12:53:16"	9080.0	0	14.5	0.239	277	8.68	2.69	26.97	1	2.52	1	5.04	24.95	26.97	23.86	402.19	398.60	10.458	12.174	24.00	27.93	499.9	1799	1316	72.72	-13.2	0.399	1.0	-0.22	2.74	1.00	0.00	0.16	111115
40	"12:53:41"	9104.5	0	15.1	0.235	272	8.58	2.69	26.96	1	2.52	1	5.04	24.94	26.96	23.86	402.16	398.47	10.430	12.125	23.93	27.82	499.8	1800	1655	72.72	-13.2	0.399	1.0	-0.22	2.74	1.00	0.00	0.16	111115
"12:56:34 3c_208"
41	"13:01:34"	9578.0	0	7.49	0.0524	152	2.12	2.89	27.26	1	2.52	1	5.04	24.56	27.26	22.89	401.92	400.25	9.855	10.276	23.15	24.14	499.8	1799	1699	72.73	-13.2	0.399	1.0	-0.22	2.74	1.00	0.00	0.16	111115
42	"13:01:47"	9591.0	0	6.64	0.0554	187	2.26	2.9	27.34	1	2.52	1	5.04	24.55	27.34	22.84	401.65	400.14	9.833	10.280	23.11	24.16	499.8	1799	1709	72.73	-13.2	0.399	1.0	-0.22	2.74	1.00	0.00	0.16	111115
"13:04:07 1c_64"
43	"13:09:03"	10027.0	0	15.4	0.249	276	9.32	2.77	27.03	1	2.52	1	5.04	25.05	27.03	24.05	403.67	399.86	9.410	11.254	21.47	25.67	499.8	1800	1585	72.74	-13.2	0.399	1.0	-0.22	2.74	1.00	0.00	0.16	111115
44	"13:09:20"	10044.5	0	15.5	0.245	274	9.19	2.77	27.06	1	2.52	1	5.04	24.89	27.06	23.56	403.63	399.80	9.402	11.221	21.65	25.84	499.8	1800	1057	72.74	-13.2	0.399	1.0	-0.22	2.74	1.00	0.00	0.16	111115
"13:11:20 1d_41"
45	"13:16:03"	10447.0	0	13.6	0.168	246	6.57	2.85	27.23	1	2.52	1	5.04	25.33	27.23	24.21	402.93	399.68	9.399	10.699	21.09	24.00	499.8	1799	190	72.74	-13.2	0.399	1.0	-0.22	2.74	1.00	0.00	0.16	111115
46	"13:16:15"	10459.5	0	13.4	0.168	247	6.54	2.85	27.21	1	2.52	1	5.04	25.26	27.21	24.00	402.96	399.75	9.413	10.708	21.20	24.12	499.9	1799	192	72.74	-13.2	0.399	1.0	-0.22	2.74	1.00	0.00	0.16	111115
"13:19:15 5b_296"
47	"13:24:07"	10931.5	0	10.2	0.0747	160	3.04	2.91	27.42	1	2.52	1	5.04	23.78	27.42	21.92	400.85	398.58	9.848	10.449	24.22	25.70	499.8	1799	1914	72.71	-13.2	0.399	1.0	-0.22	2.74	1.00	0.00	0.16	111115
48	"13:24:42"	10967.0	0	11	0.0744	142	3.05	2.93	27.54	1	2.52	1	5.04	23.86	27.54	22.00	401.16	398.72	9.840	10.445	24.09	25.57	499.8	1800	1970	72.71	-13.2	0.399	1.0	-0.22	2.74	1.00	0.00	0.16	111115
"13:27:44 2b_86"
49	"13:29:37"	11262.0	0	14.1	0.162	236	6.13	2.76	26.91	1	2.52	1	5.04	25.27	26.91	24.44	402.24	398.93	9.816	11.030	22.10	24.83	499.8	1800	1255	72.73	-13.2	0.399	1.0	-0.22	2.74	1.00	0.00	0.16	111115
50	"13:30:03"	11287.5	0	15.2	0.165	227	6.21	2.75	26.87	1	2.52	1	5.04	25.30	26.87	24.44	402.16	398.61	9.835	11.064	22.10	24.86	499.6	1800	1262	72.73	-13.2	0.399	1.0	-0.22	2.74	1.00	0.00	0.16	111115
"13:32:42 3d_881"
51	"13:37:53"	11758.5	0	11.2	0.206	288	7.75	2.76	27.06	1	2.52	1	5.04	24.88	27.06	23.66	401.53	398.68	9.902	11.436	22.81	26.34	499.9	1801	1224	72.73	-13.2	0.399	1.0	-0.22	2.74	1.00	0.00	0.16	111115
52	"13:38:15"	11780.0	0	10.4	0.205	293	7.7	2.75	27.02	1	2.52	1	5.04	24.87	27.02	23.66	401.37	398.67	9.873	11.397	22.76	26.27	499.9	1801	1227	72.73	-13.2	0.399	1.0	-0.22	2.74	1.00	0.00	0.16	111115
