"OPEN 6.2.4"
"Thr Jul 23 2020 09:41:27"
<open><version>"6.2.4"</version></open>
<open><configfile>"/User/Configs/UserPrefs/2x3 LED.xml"</configfile></open>
<open><light><source>"6400-02 or -02B LED Source"</source><par_in>1<sensor>"SI-3781"<cal>-0.93<actinity>1.00</actinity><transm>1.00</transm></cal></sensor><transm>1</transm></par_in><par_out>1<sensor>"Q49599"<cal>7.26</cal></sensor></par_out></light></open>
<open><comps><file>"/User/Configs/Comps/StdComps_6.2"<header>""</header><extras></extras></file><energybal>no<f_parIn>1</f_parIn><f_parOut>0</f_parOut><alphaK>0.16</alphaK></energybal><bc_total>5.036<stomatal_ratio>1</stomatal_ratio><bc_oneside>2.518<type>2</type><table>"/Sys/Lib/StdBLCTable"</table><area>1</area><slope>-0.219565</slope><offset>2.73739</offset><fan>5</fan></bc_oneside></bc_total></comps></open>
<open><prompts><onlog>off</onlog><items>"Default (none)"</items></prompts></open>
<open><constants><oxygen>21 %</oxygen><bb_vapor>1.5</bb_vapor><bb_oxy>0.9</bb_oxy></constants></open>
<open><stability><items>"Std Stability"<items[1]><id>-2</id><size>15</size><pcv><onoff>0</onoff><value>1</value></pcv><std><onoff>0</onoff><value>1</value></std><slp><onoff>1</onoff><value>1</value></slp></items[1]><items[2]><id>-5</id><size>15</size><pcv><onoff>0</onoff><value>1</value></pcv><std><onoff>0</onoff><value>1</value></std><slp><onoff>1</onoff><value>1</value></slp></items[2]><items[3]><id>-7</id><size>15</size><pcv><onoff>0</onoff><value>1</value></pcv><std><onoff>0</onoff><value>1</value></std><slp><onoff>1</onoff><value>1</value></slp></items[3]></items></stability></open>
<open><log><format>"StdLogFmt_6.0"<items>{ -35 -21 -36 -76 30 23 36 21 25 221 -33 111 -34 11 -9 -10 -8 -1 -2 -4 -5 -14 -15 -7 -12 -13 -11 -65 -66 -72 -18 -19 -77 -78 -79 -23  }<hdr>{  }</hdr></items></format><options><beep>on</beep><hdr>normal</hdr><rem>normal</rem><stab>no</stab><stats>no<mean>no</mean><file>no</file><period>15</period></stats><excel>yes</excel><controls>yes</controls><comm>no</comm></options><datafile>"/User/2020_07_23_maxfield"</datafile><button><action>"Normal Log"<code>" LogOneObsManual "</code></action></button><autoprog>"/User/Configs/AutoProgs/AutoLog2"<active>no</active></autoprog></log></open>
<open><a2d><avgtime>4.0 secs</avgtime><userchans><ch20>"Off"</ch20><ch21>"Off"</ch21><ch22>"Off"</ch22><ch23>"Off"</ch23></userchans></a2d></open>
<open><matching><type>0</type><disp>'a'</disp><settings><CO2Limit>10.0</CO2Limit><H2OLimit>1.0</H2OLimit><MaxAutoTime>60</MaxAutoTime></settings></matching></open>
<li6400><factory><unit>"PSC-3840"</unit><serviced>"1 Jul 2013"</serviced><fuseaware>0</fuseaware><co2mixer>yes</co2mixer><co2><coeffs>{ 0 0.213319 2.22998e-05 2.13159e-08 -3.88664e-12 3.69888e-16  }</coeffs><dvdt>-4.7</dvdt><xs>{ 0.0009 -0.0002  }</xs></co2><h2o><coeffs>{ 0 0.00572751 2.23485e-06 -7.37877e-12  }</coeffs><dvdt>-1.7</dvdt><xs>{ 0.0009 -0.0028  }</xs></h2o><flow>{ 0 0.3568  }</flow><press>{ 88.437 0.00551  }</press></factory></li6400>
<li6400><user><flow_zero>-625.0</flow_zero><irga_zero><co2>2773.4 1523.4<at>24.4221</at></co2><h2o>2695.3 2734.4<at>25.5811</at></h2o></irga_zero><irga_span><co2>{ 0.99237 0.992833  }</co2><h2o>{ 1.00426 0.996799  }</h2o></irga_span><irga_match><co2>{ -17.1339 -20.1878  }</co2><h2o>{ 0.304992 0.225436  }</h2o></irga_match><co2_mixer><pump_mv>4500</pump_mv><ppm>{ 2234.6 917.965 278.288 128.389 6.51363 -36.0684 -56.3731 -60.2505  }</ppm><mv>{ 5000 3000 1500 1000 500 300 200 100  }</mv></co2_mixer><parin_offset>0</parin_offset><led_cal><unit>"SI-3781"</unit><mv>{ 10 25 50 100 1000 2000 3000 4000 5000  }</mv><qntm>{ 4.69642 15.4417 35.4805 82.2863 972.665 1922.29 2824.32 3690.14 4518.2  }</qntm></led_cal><lcf_cal><unit>"unknown"</unit><red><mv>{ 50 100 500 1000 1500 5000  }</mv><qntm>{ 50 100 500 1000 2000 5000  }</qntm></red><blue><mv>{ 100 200 500 1000 2000 5000  }</mv><qntm>{ 10 20 50 100 200 500  }</qntm></blue></lcf_cal></user></li6400>
"09:41:38 5Auntag"
$STARTOFDATA$
"Obs"	"HHMMSS"	"FTime"	"EBal?"	"Photo"	"Cond"	"Ci"	"Trmmol"	"VpdL"	"CTleaf"	"Area"	"BLC_1"	"StmRat"	"BLCond"	"Tair"	"Tleaf"	"TBlk"	"CO2R"	"CO2S"	"H2OR"	"H2OS"	"RH_R"	"RH_S"	"Flow"	"PARi"	"PARo"	"Press"	"CsMch"	"HsMch"	"StableF"	"BLCslope"	"BLCoffst"	"f_parin"	"f_parout"	"alphaK"	"Status"
1	"09:44:07"	180.5	0	17.5	0.111	127	4.6	3	23.99	1	2.52	1	5.04	28.94	23.99	31.94	404.59	400.72	-0.971	-0.050	-1.75	-0.09	499.9	1799	687	72.43	-20.2	0.225	1.0	-0.22	2.74	1.00	0.00	0.16	111115
2	"09:45:23"	257.5	0	17.5	0.0752	9.57	3.31	3.17	24.84	1	2.52	1	5.04	29.90	24.84	32.82	404.76	401.00	-0.917	-0.254	-1.57	-0.43	499.9	1800	765	72.43	-20.2	0.225	0.7	-0.22	2.74	1.00	0.00	0.16	111115
"09:49:42 Flow: Fixed -> 500 umol/s"
"09:51:53 4Duntag"
3	"09:52:48"	701.5	0	13.7	0.0773	92.2	3.86	3.58	27.16	1	2.52	1	5.04	32.00	27.16	34.71	402.28	399.23	-0.304	0.467	-0.46	0.71	499.8	1801	160	72.45	-17.7	0.232	1.0	-0.22	2.74	1.00	0.00	0.16	111115
4	"09:54:21"	794.5	0	13.6	0.0703	68.2	3.49	3.56	27.14	1	2.52	1	5.04	31.15	27.14	32.39	402.15	399.16	0.018	0.716	0.03	1.14	499.9	1800	148	72.45	-17.7	0.232	1.0	-0.22	2.74	1.00	0.00	0.16	111115
"10:00:40 4A79"
5	"10:05:42"	1476.0	0	12.3	0.0542	17.3	2.75	3.62	27.60	1	2.52	1	5.04	29.92	27.60	29.04	403.73	401.04	0.613	1.163	1.05	1.99	499.8	1799	1064	72.45	-17.7	0.232	0.7	-0.22	2.74	1.00	0.00	0.16	111115
6	"10:07:28"	1582.0	0	9.12	0.00213	-6.23E+03	0.107	3.55	27.10	1	2.52	1	5.04	28.44	27.10	29.07	403.71	401.87	0.704	0.726	1.31	1.35	499.8	1802	873	72.44	-17.7	0.232	0.7	-0.22	2.74	1.00	0.00	0.16	111115
7	"10:07:29"	1583.0	0	8.48	0.00212	-5.78E+03	0.107	3.55	27.11	1	2.52	1	5.04	28.44	27.11	29.12	403.35	401.65	0.704	0.726	1.31	1.35	499.8	1802	827	72.44	-17.7	0.232	0.7	-0.22	2.74	1.00	0.00	0.16	111115
8	"10:07:30"	1584.0	0	7.56	0.00206	-5.28E+03	0.104	3.56	27.15	1	2.52	1	5.04	28.45	27.15	29.17	402.97	401.45	0.704	0.725	1.31	1.35	499.9	1802	769	72.44	-17.7	0.232	0.7	-0.22	2.74	1.00	0.00	0.16	111115
"10:10:13 Flow: Fixed -> 500 umol/s"
"10:10:35 3C162"
9	"10:11:26"	1820.0	0	23.4	0.172	154	7.84	3.32	26.81	1	2.52	1	5.04	29.40	26.81	30.73	404.31	399.00	1.384	2.948	2.44	5.19	499.8	1799	1118	72.45	-15.8	0.227	1.0	-0.22	2.74	1.00	0.00	0.16	111115
10	"10:13:14"	1928.0	0	23.7	0.107	21.8	5.09	3.43	27.27	1	2.52	1	5.04	28.35	27.27	27.72	404.56	399.42	1.794	2.810	3.36	5.26	499.8	1799	786	72.45	-15.8	0.227	0.7	-0.22	2.74	1.00	0.00	0.16	111115
"10:17:36 1C55"
11	"10:18:18"	2232.0	0	14.4	0.0773	79.5	3.51	3.26	26.35	1	2.52	1	5.04	30.16	26.35	32.86	402.72	399.55	1.888	2.589	3.18	4.36	499.8	1801	340	72.46	-15.8	0.227	0.7	-0.22	2.74	1.00	0.00	0.16	111115
12	"10:19:58"	2332.0	0	15	0.0756	58.3	3.72	3.52	27.56	1	2.52	1	5.04	31.13	27.56	33.04	402.31	399.01	1.758	2.499	2.80	3.98	499.8	1799	364	72.46	-15.8	0.227	0.7	-0.22	2.74	1.00	0.00	0.16	111115
"10:24:28 2D216"
13	"10:25:46"	2680.0	0	12.3	0.0783	128	3.43	3.14	25.88	1	2.52	1	5.04	28.89	25.88	30.52	403.53	400.81	2.232	2.916	4.05	5.29	499.9	1799	448	72.46	-15.8	0.227	1.0	-0.22	2.74	1.00	0.00	0.16	111115
14	"10:27:20"	2774.0	0	13	0.0748	100	3.38	3.24	26.43	1	2.52	1	5.04	29.81	26.43	31.50	403.70	400.83	2.344	3.018	4.03	5.19	499.8	1801	592	72.45	-15.8	0.227	1.0	-0.22	2.74	1.00	0.00	0.16	111115
"10:31:57 6C110"
15	"10:35:44"	3278.5	0	21.7	0.114	70.5	5.11	3.25	26.72	1	2.52	1	5.04	25.70	26.72	24.87	404.35	399.59	2.784	3.802	6.08	8.31	499.8	1799	289	72.42	-15.8	0.227	0.7	-0.22	2.74	1.00	0.00	0.16	111115
16	"10:36:58"	3352.5	0	21.3	0.0878	-8.92	3.97	3.24	26.62	1	2.52	1	5.04	25.95	26.62	25.76	404.40	399.82	2.770	3.560	5.96	7.67	499.9	1801	287	72.42	-15.8	0.227	0.7	-0.22	2.74	1.00	0.00	0.16	111115
17	"10:37:21"	3375.0	0	19.9	0.0852	5.7	3.84	3.23	26.57	1	2.52	1	5.04	26.01	26.57	25.63	404.40	400.11	2.772	3.538	5.95	7.59	499.9	1801	287	72.42	-15.8	0.227	1.0	-0.22	2.74	1.00	0.00	0.16	111115
"10:41:59 5D281"
18	"10:43:12"	3727.0	0	19.3	0.211	226	9.52	3.31	27.25	1	2.52	1	5.04	27.96	27.25	28.01	405.55	400.93	2.552	4.447	4.88	8.51	499.8	1800	1889	72.43	-15.8	0.227	0.7	-0.22	2.74	1.00	0.00	0.16	111115
19	"10:44:21"	3795.5	0	19.8	0.208	218	9.41	3.31	27.25	1	2.52	1	5.04	27.32	27.25	26.87	403.90	399.18	2.502	4.376	4.97	8.69	499.8	1799	1895	72.42	-15.8	0.227	1.0	-0.22	2.74	1.00	0.00	0.16	111115
"10:52:53 6Buntag"
"10:54:33 6B10"
20	"10:54:49"	4424.5	0	2.93	0.0151	72.6	0.726	3.4	27.33	1	2.52	1	5.04	26.61	27.33	25.11	403.34	402.70	3.238	3.383	6.70	7.00	499.9	1800	933	72.41	-15.8	0.227	0.7	-0.22	2.74	1.00	0.00	0.16	111115
"11:01:12 6A634"
21	"11:02:10"	4866.0	0	12.9	0.0543	0.427	2.53	3.32	27.27	1	2.52	1	5.04	27.76	27.27	27.69	402.16	399.37	3.886	4.390	7.52	8.50	499.8	1799	603	72.43	-15.8	0.227	0.7	-0.22	2.74	1.00	0.00	0.16	111115
"11:10:14 3D890"
"11:12:19 Lamp: ParIn ->  1800 uml"
"11:12:19 CO2 Mixer: CO2S -> 400 uml"
"11:12:19 Coolers: Tleaf -> 27.00 C"
"11:12:19 Flow: Fixed -> 500 umol/s"
22	"11:14:42"	5615.5	0	9.64	0.0751	172	3.35	3.19	26.98	1	2.52	1	5.04	25.97	26.98	25.42	402.87	400.67	4.676	5.343	10.05	11.49	499.8	1799	462	72.43	-15.8	0.227	1.0	-0.22	2.74	1.00	0.00	0.16	111115
23	"11:16:02"	5696.0	0	11.1	0.073	135	3.22	3.15	26.71	1	2.52	1	5.04	25.99	26.71	25.63	402.43	399.95	4.435	5.076	9.53	10.90	499.7	1801	294	72.43	-15.8	0.227	1.0	-0.22	2.74	1.00	0.00	0.16	111115
"11:19:57 Flow: Fixed -> 500 umol/s"
"11:22:07 6Duntag"
24	"11:23:20"	6134.0	0	47	0.331	140	13.6	3.08	26.63	1	2.52	1	5.04	31.19	26.63	34.05	409.84	399.35	3.108	5.809	4.93	9.22	499.8	1801	387	72.4	-16.1	0.136	1.0	-0.22	2.74	1.00	0.00	0.16	111115
25	"11:24:40"	6214.0	0	48.3	0.333	134	14.3	3.23	27.33	1	2.52	1	5.04	31.68	27.33	33.76	409.73	398.92	2.974	5.824	4.59	8.99	499.7	1800	375	72.4	-16.1	0.136	1.0	-0.22	2.74	1.00	0.00	0.16	111115
"11:29:36 6A154"
26	"11:30:48"	6581.5	0	11.3	0.0705	122	3.2	3.25	26.48	1	2.52	1	5.04	30.44	26.48	33.23	402.31	399.80	2.484	3.122	4.12	5.17	499.8	1800	430	72.39	-16.1	0.136	1.0	-0.22	2.74	1.00	0.00	0.16	111115
27	"11:32:27"	6681.5	0	9.77	0.053	83.3	2.64	3.54	27.76	1	2.52	1	5.04	30.58	27.76	31.02	402.38	400.21	2.234	2.761	3.67	4.54	499.8	1799	420	72.39	-16.1	0.136	0.7	-0.22	2.74	1.00	0.00	0.16	111115
"11:37:36 2A176"
28	"11:38:52"	7066.5	0	26.5	0.309	232	13.1	3.18	26.64	1	2.52	1	5.04	28.46	26.64	29.54	405.45	399.09	1.904	4.519	3.54	8.40	499.8	1800	743	72.42	-16.1	0.136	1.0	-0.22	2.74	1.00	0.00	0.16	111115
29	"11:41:22"	7217.0	0	29.7	0.213	147	9.72	3.35	27.37	1	2.52	1	5.04	28.43	27.37	28.63	406.42	399.70	2.258	4.194	4.20	7.81	499.9	1799	1963	72.41	-16.1	0.136	1.0	-0.22	2.74	1.00	0.00	0.16	111115
"11:46:36 1B669"
30	"11:48:05"	7620.0	0	6.88	0.0327	46.2	1.54	3.33	27.08	1	2.52	1	5.04	26.54	27.08	26.40	402.73	401.23	3.367	3.674	7.00	7.63	499.8	1801	742	72.42	-16.1	0.136	0.7	-0.22	2.74	1.00	0.00	0.16	111115
"11:53:01 2B131"
31	"11:53:58"	7973.0	0	19.2	0.131	141	5.73	3.17	26.84	1	2.52	1	5.04	28.11	26.84	29.15	404.67	400.38	4.026	5.167	7.63	9.80	499.8	1800	370	72.41	-16.1	0.136	1.0	-0.22	2.74	1.00	0.00	0.16	111115
32	"11:55:43"	8078.0	0	19.2	0.111	101	5.08	3.28	27.39	1	2.52	1	5.04	27.94	27.39	27.96	405.20	400.95	4.253	5.265	8.14	10.08	499.8	1799	377	72.41	-16.1	0.136	0.7	-0.22	2.74	1.00	0.00	0.16	111115
"12:00:07 5B7"
"12:06:08 5B9"
"12:09:47 4C28"
33	"12:10:23"	8958.0	0	30.4	0.142	30.5	5.85	2.99	26.33	1	2.52	1	5.04	26.05	26.33	25.95	403.02	396.48	4.998	6.162	10.69	13.18	499.8	1799	816	72.41	-16.1	0.136	0.7	-0.22	2.74	1.00	0.00	0.16	111115
34	"12:12:53"	9108.5	0	26.9	0.131	46.8	5.78	3.2	27.10	1	2.52	1	5.04	26.31	27.10	25.28	406.35	400.50	4.366	5.517	9.20	11.63	499.8	1801	807	72.41	-16.1	0.136	0.7	-0.22	2.74	1.00	0.00	0.16	111115
"12:19:18 Flow: Fixed -> 500 umol/s"
"12:20:21 4B190"
35	"12:21:04"	9598.0	0	1.83	0.00644	-68.1	0.302	3.31	27.19	1	2.52	1	5.04	26.69	27.19	26.66	399.95	399.56	4.185	4.245	8.62	8.75	499.9	1799	1201	72.41	-15.4	0.217	0.7	-0.22	2.74	1.00	0.00	0.16	111115
36	"12:21:13"	9607.0	0	1.17	0.00608	72.8	0.285	3.3	27.15	1	2.52	1	5.04	26.69	27.15	26.36	400.09	399.84	4.195	4.252	8.64	8.76	500.0	1799	1204	72.41	-15.4	0.217	1.0	-0.22	2.74	1.00	0.00	0.16	111115
"12:28:03 1D13"
37	"12:29:12"	10086.5	0	3.34	0.0169	64.6	0.793	3.32	27.12	1	2.52	1	5.04	25.21	27.12	23.91	400.92	400.19	3.716	3.874	8.36	8.71	499.9	1799	1689	72.41	-15.4	0.217	0.7	-0.22	2.74	1.00	0.00	0.16	111115
"12:35:37 2C261"
"12:39:53 2C284"
"12:44:50 1A225"
38	"12:45:52"	11087.0	0	11.9	0.0802	140	3.64	3.25	26.91	1	2.52	1	5.04	25.20	26.91	24.61	403.52	400.84	3.565	4.291	8.02	9.65	499.8	1799	1024	72.4	-15.4	0.217	0.7	-0.22	2.74	1.00	0.00	0.16	111115
39	"12:48:17"	11231.5	0	17	0.0699	-7.59	3.25	3.32	27.11	1	2.52	1	5.04	24.34	27.11	22.73	403.60	399.95	3.282	3.929	7.77	9.31	499.8	1799	1020	72.4	-15.4	0.217	1.0	-0.22	2.74	1.00	0.00	0.16	111115
"12:52:07 Lamp: ParIn ->  1800 uml"
"12:52:07 CO2 Mixer: CO2S -> 400 uml"
"12:52:07 Coolers: Tleaf -> 27.00 C"
"12:52:07 Flow: Fixed -> 500 umol/s"
"12:52:18 5C203"
"12:58:54 3B610"
"13:00:02 3C608"
40	"13:01:00"	11994.0	0	5.41	0.0285	109	1.47	3.64	28.39	1	2.52	1	5.04	24.79	28.39	22.85	437.74	436.53	3.080	3.372	7.10	7.78	499.8	1800	343	72.4	-15.4	0.217	0.7	-0.22	2.74	1.00	0.00	0.16	111115
