"OPEN 6.2.4"
"Wed Jul 29 2020 09:26:25"
<open><version>"6.2.4"</version></open>
<open><configfile>"/User/Configs/UserPrefs/2x3 LED.xml"</configfile></open>
<open><light><source>"6400-02 or -02B LED Source"</source><par_in>1<sensor>"SI-3781"<cal>-0.93<actinity>1.00</actinity><transm>1.00</transm></cal></sensor><transm>1</transm></par_in><par_out>1<sensor>"Q49599"<cal>7.26</cal></sensor></par_out></light></open>
<open><comps><file>"/User/Configs/Comps/StdComps_6.2"<header>""</header><extras></extras></file><energybal>no<f_parIn>1</f_parIn><f_parOut>0</f_parOut><alphaK>0.16</alphaK></energybal><bc_total>5.036<stomatal_ratio>1</stomatal_ratio><bc_oneside>2.518<type>2</type><table>"/Sys/Lib/StdBLCTable"</table><area>1</area><slope>-0.219565</slope><offset>2.73739</offset><fan>5</fan></bc_oneside></bc_total></comps></open>
<open><prompts><onlog>off</onlog><items>"Default (none)"</items></prompts></open>
<open><constants><oxygen>21 %</oxygen><bb_vapor>1.5</bb_vapor><bb_oxy>0.9</bb_oxy></constants></open>
<open><stability><items>"Std Stability"<items[1]><id>-2</id><size>15</size><pcv><onoff>0</onoff><value>1</value></pcv><std><onoff>0</onoff><value>1</value></std><slp><onoff>1</onoff><value>1</value></slp></items[1]><items[2]><id>-5</id><size>15</size><pcv><onoff>0</onoff><value>1</value></pcv><std><onoff>0</onoff><value>1</value></std><slp><onoff>1</onoff><value>1</value></slp></items[2]><items[3]><id>-7</id><size>15</size><pcv><onoff>0</onoff><value>1</value></pcv><std><onoff>0</onoff><value>1</value></std><slp><onoff>1</onoff><value>1</value></slp></items[3]></items></stability></open>
<open><log><format>"StdLogFmt_6.0"<items>{ -35 -21 -36 -76 30 23 36 21 25 221 -33 111 -34 11 -9 -10 -8 -1 -2 -4 -5 -14 -15 -7 -12 -13 -11 -65 -66 -72 -18 -19 -77 -78 -79 -23  }<hdr>{  }</hdr></items></format><options><beep>on</beep><hdr>normal</hdr><rem>normal</rem><stab>no</stab><stats>no<mean>no</mean><file>no</file><period>15</period></stats><excel>yes</excel><controls>yes</controls><comm>no</comm></options><datafile>"/User/2020_07_29_maxfield"</datafile><button><action>"Normal Log"<code>" LogOneObsManual "</code></action></button><autoprog>"/User/Configs/AutoProgs/AutoLog2"<active>no</active></autoprog></log></open>
<open><a2d><avgtime>4.0 secs</avgtime><userchans><ch20>"Off"</ch20><ch21>"Off"</ch21><ch22>"Off"</ch22><ch23>"Off"</ch23></userchans></a2d></open>
<open><matching><type>0</type><disp>'a'</disp><settings><CO2Limit>10.0</CO2Limit><H2OLimit>1.0</H2OLimit><MaxAutoTime>60</MaxAutoTime></settings></matching></open>
<li6400><factory><unit>"PSC-3840"</unit><serviced>"1 Jul 2013"</serviced><fuseaware>0</fuseaware><co2mixer>yes</co2mixer><co2><coeffs>{ 0 0.213319 2.22998e-05 2.13159e-08 -3.88664e-12 3.69888e-16  }</coeffs><dvdt>-4.7</dvdt><xs>{ 0.0009 -0.0002  }</xs></co2><h2o><coeffs>{ 0 0.00572751 2.23485e-06 -7.37877e-12  }</coeffs><dvdt>-1.7</dvdt><xs>{ 0.0009 -0.0028  }</xs></h2o><flow>{ 0 0.3568  }</flow><press>{ 88.437 0.00551  }</press></factory></li6400>
<li6400><user><flow_zero>-625.0</flow_zero><irga_zero><co2>1484.4 39.1<at>21.8392</at></co2><h2o>2695.3 2734.4<at>25.5811</at></h2o></irga_zero><irga_span><co2>{ 0.99237 0.992833  }</co2><h2o>{ 1.00426 0.996799  }</h2o></irga_span><irga_match><co2>{ 2.10707 -0.0350055  }</co2><h2o>{ 0.304992 0.216635  }</h2o></irga_match><co2_mixer><pump_mv>4500</pump_mv><ppm>{ 2569.15 1123.78 407.606 236.931 100.228 54.1582 32.6802 28.9338  }</ppm><mv>{ 5000 3000 1500 1000 500 300 200 100  }</mv></co2_mixer><parin_offset>0</parin_offset><led_cal><unit>"SI-3781"</unit><mv>{ 10 25 50 100 1000 2000 3000 4000 5000  }</mv><qntm>{ 4.69642 15.4417 35.4805 82.2863 972.665 1922.29 2824.32 3690.14 4518.2  }</qntm></led_cal><lcf_cal><unit>"unknown"</unit><red><mv>{ 50 100 500 1000 1500 5000  }</mv><qntm>{ 50 100 500 1000 2000 5000  }</qntm></red><blue><mv>{ 100 200 500 1000 2000 5000  }</mv><qntm>{ 10 20 50 100 200 500  }</qntm></blue></lcf_cal></user></li6400>
"09:26:33 5C203"
$STARTOFDATA$
"Obs"	"HHMMSS"	"FTime"	"EBal?"	"Photo"	"Cond"	"Ci"	"Trmmol"	"VpdL"	"CTleaf"	"Area"	"BLC_1"	"StmRat"	"BLCond"	"Tair"	"Tleaf"	"TBlk"	"CO2R"	"CO2S"	"H2OR"	"H2OS"	"RH_R"	"RH_S"	"Flow"	"PARi"	"PARo"	"Press"	"CsMch"	"HsMch"	"StableF"	"BLCslope"	"BLCoffst"	"f_parin"	"f_parout"	"alphaK"	"Status"
"09:27:36 Flow: Fixed -> 500 umol/s"
"09:28:56 Flow: Fixed -> 500 umol/s"
1	"09:32:58"	415.5	0	8.27	0.0469	99.2	1.88	2.88	23.23	1	2.52	1	5.04	27.69	23.23	30.54	401.45	399.65	-0.673	-0.297	-1.31	-0.58	500.0	1800	273	72.49	-19.5	0.209	0.7	-0.22	2.74	1.00	0.00	0.16	111115
"09:39:47 3B610"
"09:40:10 Flow: Fixed -> 500 umol/s"
2	"09:41:15"	911.5	0	6.36	0.0358	95.3	1.73	3.44	26.28	1	2.52	1	5.04	31.74	26.28	34.46	401.83	400.41	-0.506	-0.160	-0.78	-0.25	499.9	1801	1337	72.49	-16.7	0.222	1.0	-0.22	2.74	1.00	0.00	0.16	111115
3	"09:43:10"	1027.0	0	8.53	0.0394	33.9	1.98	3.59	26.98	1	2.52	1	5.04	32.45	26.98	35.19	401.65	399.79	-0.567	-0.170	-0.84	-0.25	499.8	1800	1223	72.49	-16.7	0.222	1.0	-0.22	2.74	1.00	0.00	0.16	111115
"09:51:47 5Auntagedge"
4	"09:52:36"	1593.5	0	19.7	0.138	147	6.35	3.34	26.20	1	2.52	1	5.04	31.34	26.20	34.05	405.33	400.88	-0.278	0.991	-0.44	1.56	499.8	1799	1592	72.47	-16.7	0.222	1.0	-0.22	2.74	1.00	0.00	0.16	111115
5	"09:54:46"	1723.5	0	18.9	0.148	167	7.38	3.63	27.66	1	2.52	1	5.04	32.52	27.66	34.77	403.74	399.37	-0.234	1.241	-0.35	1.83	499.9	1800	1575	72.47	-16.7	0.222	1.0	-0.22	2.74	1.00	0.00	0.16	111115
"09:59:11 Flow: Fixed -> 500 umol/s"
"09:59:25 3D888"
6	"10:01:12"	2108.5	0	25	0.836	322	29.4	2.9	25.82	1	2.52	1	5.04	30.21	25.82	32.91	407.66	400.30	0.188	6.043	0.32	10.16	499.8	1799	104	72.49	-15.4	0.265	1.0	-0.22	2.74	1.00	0.00	0.16	111115
7	"10:02:54"	2210.5	0	25.7	0.437	275	18.5	3.24	26.73	1	2.52	1	5.04	31.03	26.73	33.26	407.17	400.54	0.150	3.834	0.24	6.15	499.9	1800	106	72.49	-15.4	0.265	1.0	-0.22	2.74	1.00	0.00	0.16	111115
"10:07:43 1B662"
8	"10:10:55"	2692.0	0	19.6	0.125	123	6.1	3.52	27.33	1	2.52	1	5.04	29.68	27.33	29.99	403.68	399.28	0.495	1.713	0.86	2.97	499.9	1801	563	72.49	-15.4	0.265	0.7	-0.22	2.74	1.00	0.00	0.16	111115
9	"10:12:02"	2759.5	0	22.5	0.126	87.5	6.07	3.5	27.17	1	2.52	1	5.04	29.33	27.17	30.31	403.59	398.61	0.445	1.657	0.79	2.93	499.8	1800	566	72.49	-15.4	0.265	1.0	-0.22	2.74	1.00	0.00	0.16	111115
"10:15:51 1C76"
10	"10:16:52"	3049.5	0	22.9	0.195	184	9.18	3.44	27.27	1	2.52	1	5.04	30.70	27.27	32.47	405.97	400.64	0.840	2.672	1.37	4.37	499.7	1800	294	72.49	-15.4	0.265	0.7	-0.22	2.74	1.00	0.00	0.16	111115
11	"10:18:13"	3130.5	0	24	0.137	94.3	6.65	3.51	27.40	1	2.52	1	5.04	30.19	27.40	31.13	405.64	400.30	0.839	2.165	1.41	3.65	499.8	1800	311	72.49	-15.4	0.265	0.7	-0.22	2.74	1.00	0.00	0.16	111115
"10:25:23 4D35"
12	"10:25:48"	3585.5	0	14.4	0.0843	103	3.84	3.28	26.11	1	2.52	1	5.04	29.85	26.11	32.38	401.85	398.66	0.850	1.617	1.46	2.77	499.9	1799	2007	72.48	-15.4	0.265	0.7	-0.22	2.74	1.00	0.00	0.16	111115
13	"10:27:59"	3717.0	0	12	0.0925	167	4.56	3.54	27.39	1	2.52	1	5.04	31.44	27.39	33.44	403.11	400.35	0.751	1.661	1.18	2.60	499.8	1800	2054	72.48	-15.4	0.265	1.0	-0.22	2.74	1.00	0.00	0.16	111115
"10:33:28 2C261"
14	"10:34:14"	4091.5	0	14.7	0.0937	127	4.2	3.23	26.01	1	2.52	1	5.04	27.51	26.01	28.37	403.79	400.52	1.132	1.971	2.22	3.87	499.9	1800	725	72.48	-15.4	0.265	1.0	-0.22	2.74	1.00	0.00	0.16	111115
15	"10:35:52"	4189.5	0	15	0.0972	130	4.55	3.37	26.70	1	2.52	1	5.04	28.70	26.70	29.93	403.85	400.49	1.082	1.991	1.98	3.65	499.9	1800	734	72.48	-15.4	0.265	1.0	-0.22	2.74	1.00	0.00	0.16	111115
"10:41:03 5D270"
16	"10:42:51"	4609.0	0	2.97	0.0443	266	2.16	3.47	27.10	1	2.52	1	5.04	28.20	27.10	28.83	400.92	400.15	1.343	1.774	2.53	3.35	499.8	1799	120	72.47	-15.4	0.265	0.7	-0.22	2.74	1.00	0.00	0.16	111115
17	"10:43:24"	4642.0	0	3.56	0.0433	242	2.13	3.49	27.20	1	2.52	1	5.04	27.95	27.20	28.16	401.05	400.17	1.357	1.781	2.60	3.41	499.9	1800	122	72.47	-15.4	0.265	0.7	-0.22	2.74	1.00	0.00	0.16	111115
"10:48:04 6C81"
18	"10:50:07"	5045.5	0	34.9	0.299	183	12.4	3.1	26.20	1	2.52	1	5.04	29.07	26.20	30.55	407.37	399.40	1.873	4.341	3.36	7.79	499.9	1799	168	72.46	-15.4	0.265	1.0	-0.22	2.74	1.00	0.00	0.16	111115
"10:56:43 Lamp: ParIn ->  1800 uml"
"10:56:44 CO2 Mixer: CO2S -> 400 uml"
"10:56:44 Coolers: Tleaf -> 27.00 C"
"10:56:44 Flow: Fixed -> 500 umol/s"
"10:59:18 Flow: Fixed -> 500 umol/s"
"11:00:26 4A60"
19	"11:01:05"	5701.5	0	6.04	0.0525	192	2.54	3.45	27.25	1	2.52	1	5.04	29.46	27.25	30.44	402.18	400.77	1.977	2.484	3.47	4.36	499.8	1801	121	72.48	-16.4	0.16	1.0	-0.22	2.74	1.00	0.00	0.16	111115
20	"11:03:06"	5823.0	0	6.83	0.0511	162	2.5	3.49	27.46	1	2.52	1	5.04	28.73	27.46	29.02	401.92	400.35	2.087	2.587	3.82	4.73	499.8	1799	146	72.48	-16.4	0.16	1.0	-0.22	2.74	1.00	0.00	0.16	111115
"11:09:43 3A650"
21	"11:12:44"	6401.0	0	8.92	0.0367	-6.25	1.63	3.17	25.68	1	2.52	1	5.04	26.87	25.68	27.55	401.18	399.26	1.670	1.995	3.41	4.07	499.8	1800	490	72.47	-16.4	0.16	1.0	-0.22	2.74	1.00	0.00	0.16	111115
22	"11:13:15"	6432.5	0	7.04	0.035	59.6	1.6	3.25	26.09	1	2.52	1	5.04	27.39	26.09	28.19	401.56	400.02	1.646	1.965	3.26	3.89	499.8	1800	1801	72.47	-16.4	0.16	1.0	-0.22	2.74	1.00	0.00	0.16	111115
"11:19:08 1D6"
23	"11:19:57"	6834.5	0	19.2	0.097	60.7	4.47	3.31	26.79	1	2.52	1	5.04	25.93	26.79	24.06	403.63	399.43	2.198	3.089	4.74	6.66	499.8	1800	1272	72.47	-16.4	0.16	0.7	-0.22	2.74	1.00	0.00	0.16	111115
"11:20:33 1D16"
24	"11:22:05"	6963.0	0	19.5	0.107	87	4.75	3.2	26.29	1	2.52	1	5.04	26.05	26.29	25.98	405.09	400.81	2.296	3.244	4.92	6.95	499.9	1800	1306	72.47	-16.4	0.16	0.7	-0.22	2.74	1.00	0.00	0.16	111115
"11:25:57 5B18"
25	"11:28:00"	7317.5	0	18.5	0.135	154	6.07	3.26	26.72	1	2.52	1	5.04	28.63	26.72	29.73	403.33	399.14	2.436	3.647	4.48	6.71	499.8	1800	228	72.45	-16.4	0.16	0.7	-0.22	2.74	1.00	0.00	0.16	111115
26	"11:28:29"	7346.5	0	18.6	0.138	158	6.23	3.28	26.82	1	2.52	1	5.04	28.78	26.82	29.93	403.50	399.29	2.392	3.633	4.36	6.63	499.8	1801	287	72.45	-16.4	0.16	1.0	-0.22	2.74	1.00	0.00	0.16	111115
"11:35:03 2A176"
27	"11:38:21"	7939.0	0	46.9	0.465	204	19.1	3.16	27.32	1	2.52	1	5.04	30.58	27.32	31.86	410.60	399.69	2.978	6.770	4.90	11.14	499.8	1799	554	72.47	-16.4	0.16	0.7	-0.22	2.74	1.00	0.00	0.16	111115
28	"11:39:07"	7985.5	0	47.6	0.461	200	19.2	3.2	27.54	1	2.52	1	5.04	30.22	27.54	30.62	410.55	399.49	3.028	6.842	5.09	11.49	499.7	1800	599	72.47	-16.4	0.16	1.0	-0.22	2.74	1.00	0.00	0.16	111115
"11:44:30 4B214"
29	"11:47:46"	8505.0	0	8.53	0.0888	222	3.94	3.19	26.69	1	2.52	1	5.04	26.63	26.69	26.59	402.23	400.21	3.705	4.490	7.67	9.29	499.8	1801	476	72.46	-16.4	0.16	1.0	-0.22	2.74	1.00	0.00	0.16	111115
30	"11:49:01"	8579.5	0	9.91	0.0888	197	3.95	3.19	26.76	1	2.52	1	5.04	26.86	26.76	26.98	402.19	399.89	3.845	4.632	7.85	9.46	499.8	1801	290	72.47	-16.4	0.16	0.7	-0.22	2.74	1.00	0.00	0.16	111115
"11:55:16 6Duntag"
31	"11:57:07"	9065.5	0	24.7	0.173	144	7.64	3.21	27.07	1	2.52	1	5.04	26.38	27.07	26.01	404.85	399.29	3.747	5.267	7.86	11.05	499.8	1800	2000	72.42	-16.4	0.16	1.0	-0.22	2.74	1.00	0.00	0.16	111115
"12:03:19 Flow: Fixed -> 500 umol/s"
"12:03:27 2B137"
32	"12:04:43"	9520.0	0	20.8	0.128	116	5.57	3.14	26.61	1	2.52	1	5.04	25.58	26.61	25.65	403.18	398.58	3.897	5.006	8.58	11.02	499.8	1800	383	72.45	-15.5	0.22	1.0	-0.22	2.74	1.00	0.00	0.16	111115
33	"12:06:35"	9632.0	0	21.1	0.133	123	5.79	3.15	26.74	1	2.52	1	5.04	26.08	26.74	25.93	405.53	400.84	4.069	5.221	8.69	11.16	499.8	1801	290	72.45	-15.5	0.22	1.0	-0.22	2.74	1.00	0.00	0.16	111115
"12:14:21 4C106"
34	"12:14:40"	10117.0	0	16.5	0.119	164	5.34	3.23	27.12	1	2.52	1	5.04	26.90	27.12	26.81	413.64	409.90	4.097	5.160	8.34	10.51	499.8	1800	1511	72.45	-15.5	0.22	0.7	-0.22	2.74	1.00	0.00	0.16	111115
35	"12:17:22"	10279.0	0	19.6	0.117	107	5.23	3.23	27.10	1	2.52	1	5.04	25.87	27.10	25.23	403.55	399.21	4.100	5.142	8.87	11.12	499.7	1800	1959	72.44	-15.5	0.22	0.7	-0.22	2.74	1.00	0.00	0.16	111115
"12:22:45 1A225"
36	"12:23:06"	10623.5	0	8.92	0.133	267	5.75	3.12	26.54	1	2.52	1	5.04	27.72	26.54	28.76	402.43	400.19	3.830	4.976	7.43	9.66	499.8	1800	366	72.45	-15.5	0.22	1.0	-0.22	2.74	1.00	0.00	0.16	111115
37	"12:24:48"	10726.0	0	9.8	0.139	261	6.09	3.17	26.72	1	2.52	1	5.04	28.09	26.72	28.95	402.62	400.17	3.559	4.771	6.76	9.06	499.9	1801	1009	72.45	-15.5	0.22	1.0	-0.22	2.74	1.00	0.00	0.16	111115
"12:34:53 3C144"
"12:38:01 3C162"
38	"12:38:48"	11566.5	0	8.96	0.091	216	4.33	3.42	27.16	1	2.52	1	5.04	32.00	27.16	34.80	401.92	399.78	1.829	2.693	2.77	4.09	499.9	1800	359	72.46	-15.5	0.22	0.7	-0.22	2.74	1.00	0.00	0.16	111115
39	"12:41:00"	11698.0	0	5.58	0.0838	265	4.27	3.65	28.21	1	2.52	1	5.04	30.95	28.21	30.81	401.95	400.49	1.838	2.690	2.96	4.33	499.7	1799	412	72.46	-15.5	0.22	0.7	-0.22	2.74	1.00	0.00	0.16	111115
"12:44:51 2D184"
40	"12:45:59"	11997.5	0	31.3	0.24	161	10.7	3.28	27.01	1	2.52	1	5.04	26.18	27.01	25.63	405.81	398.70	2.000	4.125	4.25	8.77	499.9	1801	243	72.48	-15.5	0.22	1.0	-0.22	2.74	1.00	0.00	0.16	111115
41	"12:47:18"	12077.0	0	31.4	0.249	169	10.7	3.19	26.54	1	2.52	1	5.04	26.45	26.54	26.39	407.60	400.47	1.945	4.077	4.07	8.53	499.8	1801	266	72.48	-15.5	0.22	0.7	-0.22	2.74	1.00	0.00	0.16	111115
"12:51:22 6A128"
42	"12:52:21"	12379.0	0	15.2	0.138	197	6.36	3.33	26.91	1	2.52	1	5.04	27.80	26.91	28.36	403.24	399.70	1.862	3.132	3.60	6.05	499.9	1799	374	72.44	-15.5	0.22	1.0	-0.22	2.74	1.00	0.00	0.16	111115
43	"12:53:43"	12461.5	0	15.8	0.143	196	6.62	3.36	27.08	1	2.52	1	5.04	27.82	27.08	28.09	403.57	399.89	1.908	3.228	3.68	6.23	499.9	1799	1509	72.43	-15.5	0.22	1.0	-0.22	2.74	1.00	0.00	0.16	111115
