"OPEN 6.2.4"
"Fri Jul 31 2020 09:03:37"
<open><version>"6.2.4"</version></open>
<open><configfile>"/User/Configs/UserPrefs/2x3 LED.xml"</configfile></open>
<open><light><source>"6400-02 or -02B LED Source"</source><par_in>1<sensor>"SI-3781"<cal>-0.93<actinity>1.00</actinity><transm>1.00</transm></cal></sensor><transm>1</transm></par_in><par_out>1<sensor>"Q49599"<cal>7.26</cal></sensor></par_out></light></open>
<open><comps><file>"/User/Configs/Comps/StdComps_6.2"<header>""</header><extras></extras></file><energybal>no<f_parIn>1</f_parIn><f_parOut>0</f_parOut><alphaK>0.16</alphaK></energybal><bc_total>5.036<stomatal_ratio>1</stomatal_ratio><bc_oneside>2.518<type>2</type><table>"/Sys/Lib/StdBLCTable"</table><area>1</area><slope>-0.219565</slope><offset>2.73739</offset><fan>5</fan></bc_oneside></bc_total></comps></open>
<open><prompts><onlog>off</onlog><items>"Default (none)"</items></prompts></open>
<open><constants><oxygen>21 %</oxygen><bb_vapor>1.5</bb_vapor><bb_oxy>0.9</bb_oxy></constants></open>
<open><stability><items>"Std Stability"<items[1]><id>-2</id><size>15</size><pcv><onoff>0</onoff><value>1</value></pcv><std><onoff>0</onoff><value>1</value></std><slp><onoff>1</onoff><value>1</value></slp></items[1]><items[2]><id>-5</id><size>15</size><pcv><onoff>0</onoff><value>1</value></pcv><std><onoff>0</onoff><value>1</value></std><slp><onoff>1</onoff><value>1</value></slp></items[2]><items[3]><id>-7</id><size>15</size><pcv><onoff>0</onoff><value>1</value></pcv><std><onoff>0</onoff><value>1</value></std><slp><onoff>1</onoff><value>1</value></slp></items[3]></items></stability></open>
<open><log><format>"StdLogFmt_6.0"<items>{ -35 -21 -36 -76 30 23 36 21 25 221 -33 111 -34 11 -9 -10 -8 -1 -2 -4 -5 -14 -15 -7 -12 -13 -11 -65 -66 -72 -18 -19 -77 -78 -79 -23  }<hdr>{  }</hdr></items></format><options><beep>on</beep><hdr>normal</hdr><rem>normal</rem><stab>no</stab><stats>no<mean>no</mean><file>no</file><period>15</period></stats><excel>yes</excel><controls>yes</controls><comm>no</comm></options><datafile>"/User/2020_07_31_maxfield"</datafile><button><action>"Normal Log"<code>" LogOneObsManual "</code></action></button><autoprog>"/User/Configs/AutoProgs/AutoLog2"<active>no</active></autoprog></log></open>
<open><a2d><avgtime>4.0 secs</avgtime><userchans><ch20>"Off"</ch20><ch21>"Off"</ch21><ch22>"Off"</ch22><ch23>"Off"</ch23></userchans></a2d></open>
<open><matching><type>0</type><disp>'a'</disp><settings><CO2Limit>10.0</CO2Limit><H2OLimit>1.0</H2OLimit><MaxAutoTime>60</MaxAutoTime></settings></matching></open>
<li6400><factory><unit>"PSC-3840"</unit><serviced>"1 Jul 2013"</serviced><fuseaware>0</fuseaware><co2mixer>yes</co2mixer><co2><coeffs>{ 0 0.213319 2.22998e-05 2.13159e-08 -3.88664e-12 3.69888e-16  }</coeffs><dvdt>-4.7</dvdt><xs>{ 0.0009 -0.0002  }</xs></co2><h2o><coeffs>{ 0 0.00572751 2.23485e-06 -7.37877e-12  }</coeffs><dvdt>-1.7</dvdt><xs>{ 0.0009 -0.0028  }</xs></h2o><flow>{ 0 0.3568  }</flow><press>{ 88.437 0.00551  }</press></factory></li6400>
<li6400><user><flow_zero>-625.0</flow_zero><irga_zero><co2>1484.4 39.1<at>21.8392</at></co2><h2o>2695.3 2734.4<at>25.5811</at></h2o></irga_zero><irga_span><co2>{ 0.99237 0.992833  }</co2><h2o>{ 1.00426 0.996799  }</h2o></irga_span><irga_match><co2>{ 2.10707 -21.6897  }</co2><h2o>{ 0.304992 0.269829  }</h2o></irga_match><co2_mixer><pump_mv>4500</pump_mv><ppm>{ 2595.68 1138.61 415.61 244.509 105.45 58.5781 36.7729 32.6069  }</ppm><mv>{ 5000 3000 1500 1000 500 300 200 100  }</mv></co2_mixer><parin_offset>0</parin_offset><led_cal><unit>"SI-3781"</unit><mv>{ 10 25 50 100 1000 2000 3000 4000 5000  }</mv><qntm>{ 4.69642 15.4417 35.4805 82.2863 972.665 1922.29 2824.32 3690.14 4518.2  }</qntm></led_cal><lcf_cal><unit>"unknown"</unit><red><mv>{ 50 100 500 1000 1500 5000  }</mv><qntm>{ 50 100 500 1000 2000 5000  }</qntm></red><blue><mv>{ 100 200 500 1000 2000 5000  }</mv><qntm>{ 10 20 50 100 200 500  }</qntm></blue></lcf_cal></user></li6400>
"09:03:48 1Auntag"
$STARTOFDATA$
"Obs"	"HHMMSS"	"FTime"	"EBal?"	"Photo"	"Cond"	"Ci"	"Trmmol"	"VpdL"	"CTleaf"	"Area"	"BLC_1"	"StmRat"	"BLCond"	"Tair"	"Tleaf"	"TBlk"	"CO2R"	"CO2S"	"H2OR"	"H2OS"	"RH_R"	"RH_S"	"Flow"	"PARi"	"PARo"	"Press"	"CsMch"	"HsMch"	"StableF"	"BLCslope"	"BLCoffst"	"f_parin"	"f_parout"	"alphaK"	"Status"
"09:09:35 Flow: Fixed -> 500 umol/s"
"09:14:52 1A249"
1	"09:15:28"	732.0	0	4	0.0413	223	1.8	3.13	24.16	1	2.52	1	5.04	29.34	24.16	32.21	401.10	400.16	-1.794	-1.433	-3.18	-2.54	499.9	1800	62	72.78	-20.1	0.276	0.7	-0.22	2.74	1.00	0.00	0.16	111115
"09:16:02 1A249"
"09:21:21 Flow: Fixed -> 500 umol/s"
"09:21:32 1D11"
2	"09:22:37"	1160.5	0	6.14	0.033	82.5	1.64	3.55	26.36	1	2.52	1	5.04	31.20	26.36	34.00	402.18	400.82	-1.746	-1.418	-2.78	-2.26	499.9	1799	426	72.79	-18.3	0.285	0.7	-0.22	2.74	1.00	0.00	0.16	111115
3	"09:24:26"	1269.5	0	7.41	0.0359	50.2	1.84	3.67	26.93	1	2.52	1	5.04	31.70	26.93	34.44	402.24	400.61	-1.784	-1.415	-2.77	-2.19	499.9	1800	554	72.78	-18.3	0.285	1.0	-0.22	2.74	1.00	0.00	0.16	111115
"09:29:32 4D28"
4	"09:30:15"	1619.0	0	10.1	0.0488	48.1	2.49	3.66	26.99	1	2.52	1	5.04	32.00	26.99	34.74	402.11	399.89	-1.641	-1.142	-2.50	-1.74	499.9	1799	99	72.79	-18.3	0.285	0.7	-0.22	2.74	1.00	0.00	0.16	111115
5	"09:31:49"	1712.5	0	9.35	0.0448	44.9	2.35	3.75	27.43	1	2.52	1	5.04	32.12	27.43	34.45	402.06	400.00	-1.610	-1.139	-2.44	-1.72	499.9	1799	138	72.79	-18.3	0.285	1.0	-0.22	2.74	1.00	0.00	0.16	111115
"09:37:54 Flow: Fixed -> 500 umol/s"
"09:38:25 3B834"
"09:41:22 3Buntag"
6	"09:41:48"	2311.5	0	12	0.0814	139	4.01	3.55	26.77	1	2.52	1	5.04	28.63	26.77	27.25	402.52	399.80	-1.083	-0.281	-2.00	-0.52	499.8	1801	85	72.78	-17.2	0.313	0.7	-0.22	2.74	1.00	0.00	0.16	111115
7	"09:43:25"	2409.0	0	11	0.103	202	4.84	3.4	26.10	1	2.52	1	5.04	28.65	26.10	29.74	401.90	399.31	-1.115	-0.147	-2.06	-0.27	499.9	1800	86	72.78	-17.2	0.313	0.7	-0.22	2.74	1.00	0.00	0.16	111115
"09:48:23 1B684"
8	"09:49:03"	2747.0	0	7.72	0.0484	121	2.36	3.5	26.50	1	2.52	1	5.04	30.86	26.50	33.58	400.64	398.91	-0.785	-0.313	-1.28	-0.51	499.9	1799	101	72.79	-17.2	0.313	1.0	-0.22	2.74	1.00	0.00	0.16	111115
9	"09:50:44"	2847.5	0	6.96	0.0509	155	2.59	3.65	27.28	1	2.52	1	5.04	31.68	27.28	33.81	400.61	399.01	-0.706	-0.187	-1.09	-0.29	499.8	1800	35	72.79	-17.2	0.313	0.7	-0.22	2.74	1.00	0.00	0.16	111115
"09:56:23 5Buntag"
10	"09:57:09"	3233.5	0	23.4	0.106	22.9	5.41	3.69	27.80	1	2.52	1	5.04	30.13	27.80	32.06	404.73	399.62	-0.307	0.774	-0.52	1.31	499.9	1800	80	72.77	-17.2	0.313	1.0	-0.22	2.74	1.00	0.00	0.16	111115
11	"09:58:34"	3318.5	0	23.1	0.102	14.9	5.06	3.59	27.35	1	2.52	1	5.04	27.86	27.35	27.49	406.03	401.00	-0.143	0.868	-0.28	1.68	499.7	1799	80	72.77	-17.2	0.313	0.7	-0.22	2.74	1.00	0.00	0.16	111115
"10:03:53 2Auntag"
12	"10:04:43"	3688.0	0	14.9	0.0903	111	4.36	3.49	26.90	1	2.52	1	5.04	27.34	26.90	25.68	403.04	399.71	0.021	0.894	0.04	1.78	499.8	1800	65	72.79	-17.2	0.313	0.7	-0.22	2.74	1.00	0.00	0.16	111115
13	"10:06:12"	3776.5	0	16.8	0.0912	83	4.19	3.33	26.07	1	2.52	1	5.04	26.75	26.07	26.95	404.27	400.57	0.012	0.850	0.02	1.75	499.8	1800	66	72.79	-17.2	0.313	0.7	-0.22	2.74	1.00	0.00	0.16	111115
"10:09:30 2cuntag"
14	"10:10:19"	4023.5	0	8.58	0.0418	50.3	2.07	3.55	26.99	1	2.52	1	5.04	29.69	26.99	31.30	400.61	398.73	-0.044	0.371	-0.08	0.65	499.8	1800	1086	72.79	-17.2	0.313	1.0	-0.22	2.74	1.00	0.00	0.16	111115
15	"10:11:54"	4118.5	0	8.38	0.0364	13.1	1.85	3.63	27.37	1	2.52	1	5.04	28.94	27.37	29.26	402.21	400.39	0.012	0.382	0.02	0.69	499.8	1801	837	72.79	-17.2	0.313	0.7	-0.22	2.74	1.00	0.00	0.16	111115
"10:14:02 2C294"
"10:19:28 Flow: Fixed -> 500 umol/s"
"10:20:20 5Cuntag"
16	"10:21:05"	4668.5	0	4.25	0.0257	114	1.32	3.65	27.45	1	2.52	1	5.04	29.09	27.45	30.11	401.85	400.89	0.124	0.387	0.22	0.70	499.8	1799	1854	72.77	-15.9	0.305	1.0	-0.22	2.74	1.00	0.00	0.16	111115
17	"10:22:28"	4751.5	0	4.47	0.0235	75.4	1.2	3.64	27.48	1	2.52	1	5.04	28.26	27.48	28.54	401.62	400.63	0.301	0.541	0.57	1.02	499.8	1799	1858	72.77	-15.9	0.305	1.0	-0.22	2.74	1.00	0.00	0.16	111115
"10:30:21 1C56"
"10:33:28 Flow: Fixed -> 500 umol/s"
"10:34:04 1C56"
18	"10:35:08"	5512.0	0	9.89	0.0501	64	2.36	3.37	26.52	1	2.52	1	5.04	25.60	26.52	25.09	402.62	400.45	1.000	1.471	2.21	3.25	499.8	1799	79	72.78	-16.4	0.301	0.7	-0.22	2.74	1.00	0.00	0.16	111115
19	"10:36:40"	5603.5	0	10.3	0.0506	53.4	2.39	3.39	26.61	1	2.52	1	5.04	26.21	26.61	26.01	402.32	400.06	1.053	1.531	2.24	3.26	499.8	1799	80	72.78	-16.4	0.301	1.0	-0.22	2.74	1.00	0.00	0.16	111115
"10:41:56 Lamp: ParIn ->  1800 uml"
"10:41:56 CO2 Mixer: CO2S -> 400 uml"
"10:41:56 Coolers: Tleaf -> 27.00 C"
"10:41:56 Flow: Fixed -> 500 umol/s"
"10:44:06 6A164"
"10:48:22 6A169"
20	"10:48:49"	6333.5	0	15.1	0.0731	47.3	3.41	3.36	26.69	1	2.52	1	5.04	25.15	26.69	24.01	403.14	399.83	1.432	2.114	3.25	4.79	499.9	1801	107	72.74	-16.4	0.301	1.0	-0.22	2.74	1.00	0.00	0.16	111115
21	"10:50:20"	6424.0	0	15.9	0.0774	49.7	3.55	3.3	26.43	1	2.52	1	5.04	25.61	26.43	25.22	403.36	399.90	1.481	2.190	3.27	4.83	499.8	1801	107	72.74	-16.4	0.301	1.0	-0.22	2.74	1.00	0.00	0.16	111115
"10:54:15 Lamp: ParIn ->  1800 uml"
"10:54:15 CO2 Mixer: CO2S -> 400 uml"
"10:54:15 Coolers: Tleaf -> 27.00 C"
"10:54:15 Flow: Fixed -> 500 umol/s"
"10:56:29 Flow: Fixed -> 500 umol/s"
"10:57:18 3Cuntag"
22	"10:58:33"	6916.0	0	42.8	0.269	114	12.2	3.38	27.41	1	2.52	1	5.04	29.04	27.41	29.13	409.64	400.10	1.530	3.955	2.76	7.14	499.7	1800	130	72.76	-16.6	0.264	0.7	-0.22	2.74	1.00	0.00	0.16	111115
23	"11:03:56"	7240.0	0	54.9	0.293	67.2	12.9	3.29	27.10	1	2.52	1	5.04	26.20	27.10	25.36	410.95	398.94	1.679	4.245	3.58	9.05	499.8	1799	136	72.76	-16.6	0.264	1.0	-0.22	2.74	1.00	0.00	0.16	111115
