"OPEN 6.2.4"
"Thr Jul 30 2020 09:13:02"
<open><version>"6.2.4"</version></open>
<open><configfile>"/User/Configs/UserPrefs/2x3 LED.xml"</configfile></open>
<open><light><source>"6400-02 or -02B LED Source"</source><par_in>1<sensor>"SI-3781"<cal>-0.93<actinity>1.00</actinity><transm>1.00</transm></cal></sensor><transm>1</transm></par_in><par_out>1<sensor>"Q49599"<cal>7.26</cal></sensor></par_out></light></open>
<open><comps><file>"/User/Configs/Comps/StdComps_6.2"<header>""</header><extras></extras></file><energybal>no<f_parIn>1</f_parIn><f_parOut>0</f_parOut><alphaK>0.16</alphaK></energybal><bc_total>5.036<stomatal_ratio>1</stomatal_ratio><bc_oneside>2.518<type>2</type><table>"/Sys/Lib/StdBLCTable"</table><area>1</area><slope>-0.219565</slope><offset>2.73739</offset><fan>5</fan></bc_oneside></bc_total></comps></open>
<open><prompts><onlog>off</onlog><items>"Default (none)"</items></prompts></open>
<open><constants><oxygen>21 %</oxygen><bb_vapor>1.5</bb_vapor><bb_oxy>0.9</bb_oxy></constants></open>
<open><stability><items>"Std Stability"<items[1]><id>-2</id><size>15</size><pcv><onoff>0</onoff><value>1</value></pcv><std><onoff>0</onoff><value>1</value></std><slp><onoff>1</onoff><value>1</value></slp></items[1]><items[2]><id>-5</id><size>15</size><pcv><onoff>0</onoff><value>1</value></pcv><std><onoff>0</onoff><value>1</value></std><slp><onoff>1</onoff><value>1</value></slp></items[2]><items[3]><id>-7</id><size>15</size><pcv><onoff>0</onoff><value>1</value></pcv><std><onoff>0</onoff><value>1</value></std><slp><onoff>1</onoff><value>1</value></slp></items[3]></items></stability></open>
<open><log><format>"StdLogFmt_6.0"<items>{ -35 -21 -36 -76 30 23 36 21 25 221 -33 111 -34 11 -9 -10 -8 -1 -2 -4 -5 -14 -15 -7 -12 -13 -11 -65 -66 -72 -18 -19 -77 -78 -79 -23  }<hdr>{  }</hdr></items></format><options><beep>on</beep><hdr>normal</hdr><rem>normal</rem><stab>no</stab><stats>no<mean>no</mean><file>no</file><period>15</period></stats><excel>yes</excel><controls>yes</controls><comm>no</comm></options><datafile>"/User/2020_07_30_maxfield"</datafile><button><action>"Normal Log"<code>" LogOneObsManual "</code></action></button><autoprog>"/User/Configs/AutoProgs/AutoLog2"<active>no</active></autoprog></log></open>
<open><a2d><avgtime>4.0 secs</avgtime><userchans><ch20>"Off"</ch20><ch21>"Off"</ch21><ch22>"Off"</ch22><ch23>"Off"</ch23></userchans></a2d></open>
<open><matching><type>0</type><disp>'a'</disp><settings><CO2Limit>10.0</CO2Limit><H2OLimit>1.0</H2OLimit><MaxAutoTime>60</MaxAutoTime></settings></matching></open>
<li6400><factory><unit>"PSC-3840"</unit><serviced>"1 Jul 2013"</serviced><fuseaware>0</fuseaware><co2mixer>yes</co2mixer><co2><coeffs>{ 0 0.213319 2.22998e-05 2.13159e-08 -3.88664e-12 3.69888e-16  }</coeffs><dvdt>-4.7</dvdt><xs>{ 0.0009 -0.0002  }</xs></co2><h2o><coeffs>{ 0 0.00572751 2.23485e-06 -7.37877e-12  }</coeffs><dvdt>-1.7</dvdt><xs>{ 0.0009 -0.0028  }</xs></h2o><flow>{ 0 0.3568  }</flow><press>{ 88.437 0.00551  }</press></factory></li6400>
<li6400><user><flow_zero>-625.0</flow_zero><irga_zero><co2>1484.4 39.1<at>21.8392</at></co2><h2o>2695.3 2734.4<at>25.5811</at></h2o></irga_zero><irga_span><co2>{ 0.99237 0.992833  }</co2><h2o>{ 1.00426 0.996799  }</h2o></irga_span><irga_match><co2>{ 2.10707 -15.5296  }</co2><h2o>{ 0.304992 0.220263  }</h2o></irga_match><co2_mixer><pump_mv>4500</pump_mv><ppm>{ 2591.62 1136.13 414.537 244.019 105.15 58.4158 36.5882 32.2909  }</ppm><mv>{ 5000 3000 1500 1000 500 300 200 100  }</mv></co2_mixer><parin_offset>0</parin_offset><led_cal><unit>"SI-3781"</unit><mv>{ 10 25 50 100 1000 2000 3000 4000 5000  }</mv><qntm>{ 4.69642 15.4417 35.4805 82.2863 972.665 1922.29 2824.32 3690.14 4518.2  }</qntm></led_cal><lcf_cal><unit>"unknown"</unit><red><mv>{ 50 100 500 1000 1500 5000  }</mv><qntm>{ 50 100 500 1000 2000 5000  }</qntm></red><blue><mv>{ 100 200 500 1000 2000 5000  }</mv><qntm>{ 10 20 50 100 200 500  }</qntm></blue></lcf_cal></user></li6400>
"09:13:12 1B647"
$STARTOFDATA$
"Obs"	"HHMMSS"	"FTime"	"EBal?"	"Photo"	"Cond"	"Ci"	"Trmmol"	"VpdL"	"CTleaf"	"Area"	"BLC_1"	"StmRat"	"BLCond"	"Tair"	"Tleaf"	"TBlk"	"CO2R"	"CO2S"	"H2OR"	"H2OS"	"RH_R"	"RH_S"	"Flow"	"PARi"	"PARo"	"Press"	"CsMch"	"HsMch"	"StableF"	"BLCslope"	"BLCoffst"	"f_parin"	"f_parout"	"alphaK"	"Status"
"09:14:33 Flow: Fixed -> 500 umol/s"
"09:15:43 Flow: Fixed -> 500 umol/s"
1	"09:17:02"	261.5	0	7.66	0.0391	71.3	1.31	2.42	20.00	1	2.52	1	5.04	24.38	20.00	27.24	400.88	399.24	-1.226	-0.964	-2.91	-2.28	500.0	1800	65	72.61	-20.9	0.23	1.0	-0.22	2.74	1.00	0.00	0.16	111115
"09:25:00 Lamp: ParIn ->  1800 uml"
"09:25:00 CO2 Mixer: CO2S -> 400 uml"
"09:25:00 Coolers: Tleaf -> 27.00 C"
"09:25:00 Flow: Fixed -> 500 umol/s"
"09:25:12 6A126"
"09:28:15 Flow: Fixed -> 500 umol/s"
2	"09:29:47"	1027.0	0	14	0.105	163	4.59	3.18	25.07	1	2.52	1	5.04	29.60	25.07	32.36	402.98	399.82	-0.740	0.179	-1.29	0.31	499.9	1800	57	72.59	-19.1	0.228	1.0	-0.22	2.74	1.00	0.00	0.16	111115
3	"09:32:09"	1168.5	0	21	0.133	122	6.16	3.36	26.15	1	2.52	1	5.04	30.89	26.15	33.63	404.91	400.21	-0.676	0.555	-1.10	0.90	499.9	1800	57	72.59	-19.1	0.228	0.7	-0.22	2.74	1.00	0.00	0.16	111115
"09:36:03 Flow: Fixed -> 500 umol/s"
"09:36:11 4C190"
"09:36:47 4C190"
4	"09:38:26"	1546.0	0	15.9	0.178	228	8.28	3.42	26.59	1	2.52	1	5.04	32.63	26.59	35.39	402.88	399.05	-0.589	1.067	-0.86	1.57	499.9	1798	959	72.61	-17.8	0.24	1.0	-0.22	2.74	1.00	0.00	0.16	111115
5	"09:39:04"	1583.5	0	17.4	0.177	213	8.36	3.47	26.85	1	2.52	1	5.04	32.98	26.85	35.73	403.02	398.88	-0.611	1.060	-0.88	1.53	499.9	1800	960	72.62	-17.8	0.24	1.0	-0.22	2.74	1.00	0.00	0.16	111115
"09:42:55 Flow: Fixed -> 500 umol/s"
"09:43:27 5C223"
6	"09:45:20"	1959.5	0	4.03	0.0258	128	1.23	3.41	26.17	1	2.52	1	5.04	28.72	26.17	30.14	400.37	399.46	-0.224	0.023	-0.41	0.04	499.8	1800	662	72.6	-16.7	0.295	1.0	-0.22	2.74	1.00	0.00	0.16	111115
"09:51:58 5Auntag"
"09:53:50 5A195"
"09:56:12 5Auntag"
7	"09:57:05"	2665.0	0	14.6	0.0879	111	4.29	3.52	27.07	1	2.52	1	5.04	29.17	27.07	30.31	403.47	400.21	0.196	1.055	0.35	1.88	499.8	1800	603	72.6	-16.7	0.295	0.7	-0.22	2.74	1.00	0.00	0.16	111115
8	"09:57:48"	2708.0	0	10.8	0.0922	187	4.54	3.55	27.25	1	2.52	1	5.04	28.70	27.25	29.32	403.51	400.98	0.254	1.161	0.47	2.13	499.8	1799	627	72.6	-16.7	0.295	1.0	-0.22	2.74	1.00	0.00	0.16	111115
9	"09:58:13"	2733.0	0	9.71	0.0948	210	4.69	3.56	27.33	1	2.52	1	5.04	28.50	27.33	28.97	403.54	401.22	0.285	1.222	0.53	2.27	499.8	1800	637	72.6	-16.7	0.295	1.0	-0.22	2.74	1.00	0.00	0.16	111115
"10:03:16 Flow: Fixed -> 500 umol/s"
"10:03:24 6Buntag"
10	"10:04:24"	3103.5	0	11.5	0.0598	70.9	2.85	3.42	26.78	1	2.52	1	5.04	27.81	26.78	28.36	401.69	399.17	0.994	1.564	1.92	3.02	499.8	1800	234	72.59	-16.3	0.26	1.0	-0.22	2.74	1.00	0.00	0.16	111115
11	"10:06:39"	3238.5	0	13	0.0628	47.8	3	3.43	26.94	1	2.52	1	5.04	27.90	26.94	28.36	401.66	398.83	1.311	1.910	2.52	3.68	499.9	1800	256	72.59	-16.3	0.26	1.0	-0.22	2.74	1.00	0.00	0.16	111115
"10:11:01 2A99"
12	"10:15:01"	3741.0	0	3.16	0.062	289	3.1	3.58	27.66	1	2.52	1	5.04	29.12	27.66	29.56	400.48	399.60	1.325	1.944	2.38	3.49	499.8	1801	52	72.62	-16.3	0.26	1.0	-0.22	2.74	1.00	0.00	0.16	111115
13	"10:16:05"	3804.5	0	4.65	0.0521	230	2.56	3.51	27.31	1	2.52	1	5.04	28.44	27.31	28.77	400.30	399.17	1.278	1.790	2.38	3.34	499.8	1801	53	72.61	-16.3	0.26	1.0	-0.22	2.74	1.00	0.00	0.16	111115
"10:21:04 3A648"
14	"10:21:57"	4157.5	0	25.9	0.12	30.7	5.89	3.54	27.73	1	2.52	1	5.04	29.49	27.73	30.28	404.63	398.98	1.466	2.641	2.57	4.63	499.9	1798	1087	72.62	-16.3	0.26	1.0	-0.22	2.74	1.00	0.00	0.16	111115
15	"10:24:01"	4281.0	0	19.8	0.107	80	5.1	3.45	27.19	1	2.52	1	5.04	27.38	27.19	27.18	404.16	399.80	1.365	2.384	2.71	4.73	499.8	1800	1090	72.62	-16.3	0.26	1.0	-0.22	2.74	1.00	0.00	0.16	111115
"10:28:34 1A227"
"10:29:02 Flow: Fixed -> 500 umol/s"
16	"10:33:23"	4843.0	0	5.02	0.064	249	2.99	3.34	26.76	1	2.52	1	5.04	26.17	26.76	24.43	401.34	400.10	1.967	2.563	4.19	5.46	499.8	1800	279	72.63	-15.4	0.245	0.7	-0.22	2.74	1.00	0.00	0.16	111115
17	"10:34:45"	4925.0	0	5.93	0.0691	238	3.08	3.21	26.12	1	2.52	1	5.04	26.22	26.12	26.17	401.12	399.69	2.037	2.653	4.33	5.64	499.8	1801	342	72.62	-15.4	0.245	0.7	-0.22	2.74	1.00	0.00	0.16	111115
"10:39:00 6C79"
18	"10:39:40"	5221.0	0	14.4	0.113	172	5.11	3.26	26.49	1	2.52	1	5.04	29.51	26.49	31.50	403.86	400.57	1.907	2.926	3.34	5.13	499.9	1799	85	72.61	-15.4	0.245	0.7	-0.22	2.74	1.00	0.00	0.16	111115
19	"10:41:38"	5338.0	0	17.9	0.12	135	5.72	3.46	27.43	1	2.52	1	5.04	29.48	27.43	30.50	403.67	399.64	1.762	2.904	3.09	5.10	499.8	1800	85	72.61	-15.4	0.245	1.0	-0.22	2.74	1.00	0.00	0.16	111115
20	"10:47:26"	5687.0	0	4.53	0.0873	290	4.05	3.34	26.65	1	2.52	1	5.04	29.08	26.65	30.72	401.65	400.42	1.458	2.267	2.62	4.08	499.9	1800	992	72.63	-15.4	0.245	1.0	-0.22	2.74	1.00	0.00	0.16	111115
21	"10:49:29"	5810.0	0	5.73	0.0858	265	4.22	3.54	27.51	1	2.52	1	5.04	29.05	27.51	29.47	401.16	399.68	1.214	2.057	2.19	3.70	499.8	1799	1009	72.63	-15.4	0.245	1.0	-0.22	2.74	1.00	0.00	0.16	111115
"10:54:01 2C296"
22	"10:54:55"	6136.0	0	14.4	0.0609	1.32	3	3.52	27.34	1	2.52	1	5.04	28.04	27.34	28.36	402.95	399.82	1.187	1.786	2.27	3.41	499.8	1799	703	72.63	-15.4	0.245	1.0	-0.22	2.74	1.00	0.00	0.16	111115
23	"10:55:47"	6188.0	0	13.9	0.0593	5.91	2.93	3.54	27.42	1	2.52	1	5.04	27.87	27.42	28.03	402.91	399.90	1.218	1.804	2.35	3.48	499.9	1799	846	72.63	-15.4	0.245	1.0	-0.22	2.74	1.00	0.00	0.16	111115
"11:01:13 6Duntag"
24	"11:03:12"	6633.5	0	22.7	0.203	192	9.33	3.38	27.13	1	2.52	1	5.04	28.65	27.13	29.68	405.33	400.04	1.197	3.059	2.21	5.63	499.8	1800	1374	72.61	-15.4	0.245	0.7	-0.22	2.74	1.00	0.00	0.16	111115
25	"11:03:42"	6663.0	0	20.4	0.198	207	9.18	3.41	27.24	1	2.52	1	5.04	28.28	27.24	28.14	405.25	400.43	1.190	3.021	2.24	5.69	499.8	1800	1376	72.61	-15.4	0.245	0.7	-0.22	2.74	1.00	0.00	0.16	111115
"11:10:26 Lamp: ParIn ->  1800 uml"
"11:10:26 CO2 Mixer: CO2S -> 400 uml"
"11:10:26 Coolers: Tleaf -> 27.00 C"
"11:10:26 Flow: Fixed -> 500 umol/s"
"11:13:05 Flow: Fixed -> 500 umol/s"
"11:13:12 3B835"
26	"11:15:34"	7373.5	0	19.9	0.102	64	4.94	3.49	27.33	1	2.52	1	5.04	27.11	27.33	26.79	404.04	399.66	1.168	2.155	2.36	4.35	499.8	1799	98	72.61	-16.6	0.258	1.0	-0.22	2.74	1.00	0.00	0.16	111115
"11:22:21 1C49"
27	"11:23:22"	7842.0	0	9.63	0.0402	-0.519	1.93	3.43	26.76	1	2.52	1	5.04	26.90	26.76	27.28	402.39	400.31	1.025	1.412	2.09	2.88	499.7	1800	373	72.61	-16.6	0.258	0.7	-0.22	2.74	1.00	0.00	0.16	111115
28	"11:24:47"	7927.0	0	9.37	0.0428	31.1	2.13	3.55	27.28	1	2.52	1	5.04	28.99	27.28	31.06	403.14	401.09	0.846	1.272	1.53	2.30	499.7	1800	120	72.62	-16.6	0.258	0.7	-0.22	2.74	1.00	0.00	0.16	111115
29	"11:25:37"	7977.0	0	7.49	0.0346	34.5	1.77	3.63	27.67	1	2.52	1	5.04	28.09	27.67	27.29	402.42	400.78	0.854	1.207	1.62	2.30	499.6	1800	118	72.61	-16.6	0.258	0.7	-0.22	2.74	1.00	0.00	0.16	111115
"11:30:36 Flow: Fixed -> 500 umol/s"
"11:31:28 5D285"
30	"11:31:58"	8357.5	0	8.57	0.0531	119	2.51	3.38	26.58	1	2.52	1	5.04	27.08	26.58	27.75	401.00	399.09	1.033	1.534	2.09	3.10	499.7	1799	720	72.61	-16.1	0.285	1.0	-0.22	2.74	1.00	0.00	0.16	111115
31	"11:33:52"	8472.0	0	9.76	0.0538	86.6	2.66	3.53	27.28	1	2.52	1	5.04	27.43	27.28	27.60	401.11	398.94	0.975	1.505	1.93	2.98	499.8	1800	799	72.6	-16.1	0.285	1.0	-0.22	2.74	1.00	0.00	0.16	111115
32	"11:41:14"	8914.0	0	17.1	0.0802	35.2	4.04	3.62	27.86	1	2.52	1	5.04	27.24	27.86	26.32	403.32	399.56	1.234	2.041	2.47	4.08	499.8	1799	670	72.62	-16.1	0.285	0.7	-0.22	2.74	1.00	0.00	0.16	111115
33	"11:41:59"	8958.5	0	17.9	0.0768	6.19	3.8	3.55	27.60	1	2.52	1	5.04	26.37	27.60	24.86	403.35	399.47	1.366	2.125	2.88	4.47	499.8	1799	674	72.62	-16.1	0.285	0.7	-0.22	2.74	1.00	0.00	0.16	111115
"11:45:25 Flow: Fixed -> 500 umol/s"
34	"11:47:07"	9267.5	0	16.7	0.135	176	6.24	3.35	26.96	1	2.52	1	5.04	25.71	26.96	25.03	402.77	398.94	1.778	3.023	3.89	6.62	499.8	1799	579	72.62	-15.6	0.288	1.0	-0.22	2.74	1.00	0.00	0.16	111115
35	"11:48:36"	9355.5	0	18.5	0.14	163	6.41	3.33	26.85	1	2.52	1	5.04	25.67	26.85	25.03	404.38	400.16	1.752	3.031	3.84	6.65	499.8	1800	593	72.62	-15.6	0.288	0.7	-0.22	2.74	1.00	0.00	0.16	111115
"11:52:32 4B190"
36	"11:53:57"	9677.0	0	15.8	0.0765	46.3	3.72	3.49	27.42	1	2.52	1	5.04	27.14	27.42	26.27	401.96	398.50	1.710	2.452	3.44	4.93	499.8	1799	833	72.63	-15.6	0.288	0.7	-0.22	2.74	1.00	0.00	0.16	111115
37	"11:54:46"	9726.5	0	16.7	0.0768	30.3	3.69	3.45	27.23	1	2.52	1	5.04	26.41	27.23	25.80	403.25	399.61	1.748	2.483	3.67	5.22	499.8	1799	836	72.63	-15.6	0.288	1.0	-0.22	2.74	1.00	0.00	0.16	111115
"11:58:50 4D30"
38	"12:02:19"	10180.0	0	10.6	0.0484	29.4	2.36	3.48	27.18	1	2.52	1	5.04	24.78	27.18	23.22	402.02	399.71	1.454	1.925	3.37	4.46	499.8	1799	1597	72.64	-15.6	0.288	1.0	-0.22	2.74	1.00	0.00	0.16	111115
"12:07:31 1d4"
39	"12:10:11"	10652.0	0	2.45	0.0147	110	0.745	3.6	27.60	1	2.52	1	5.04	27.91	27.60	27.70	399.18	398.63	1.320	1.469	2.54	2.83	499.8	1799	635	72.65	-15.6	0.288	0.7	-0.22	2.74	1.00	0.00	0.16	111115
"12:16:19 Lamp: ParIn ->  1800 uml"
"12:16:19 CO2 Mixer: CO2S -> 400 uml"
"12:16:19 Coolers: Tleaf -> 27.00 C"
"12:16:19 Flow: Fixed -> 500 umol/s"
"12:18:19 5B9"
40	"12:21:06"	11305.5	0	23.2	0.15	124	7.08	3.44	27.42	1	2.52	1	5.04	26.49	27.42	25.82	403.80	398.60	1.724	3.137	3.61	6.56	499.7	1800	1656	72.62	-15.6	0.288	1.0	-0.22	2.74	1.00	0.00	0.16	111115
41	"12:22:04"	11363.5	0	22.8	0.148	127	6.92	3.41	27.30	1	2.52	1	5.04	25.83	27.30	24.52	405.39	400.28	1.767	3.148	3.84	6.84	499.8	1800	1662	72.62	-15.6	0.288	0.7	-0.22	2.74	1.00	0.00	0.16	111115
"12:27:16 3C149"
42	"12:28:34"	11753.5	0	3.83	0.0335	191	1.65	3.52	27.27	1	2.52	1	5.04	26.97	27.27	26.72	400.15	399.25	1.299	1.629	2.64	3.31	499.9	1799	1153	72.64	-15.6	0.288	0.7	-0.22	2.74	1.00	0.00	0.16	111115
43	"12:30:06"	11846.0	0	5.29	0.0306	102	1.51	3.52	27.29	1	2.52	1	5.04	26.37	27.29	25.81	401.68	400.50	1.357	1.658	2.86	3.49	499.8	1799	1167	72.64	-15.6	0.288	1.0	-0.22	2.74	1.00	0.00	0.16	111115
"12:33:03 3D865"
44	"12:37:01"	12261.0	0	4.8	0.0555	236	2.64	3.4	26.81	1	2.52	1	5.04	26.44	26.81	26.40	400.91	399.74	1.436	1.962	3.01	4.12	499.8	1800	110	72.64	-15.6	0.288	1.0	-0.22	2.74	1.00	0.00	0.16	111115
45	"12:37:33"	12293.5	0	5.31	0.0548	219	2.61	3.41	26.87	1	2.52	1	5.04	26.57	26.87	26.59	401.00	399.73	1.426	1.947	2.97	4.05	499.8	1800	112	72.63	-15.6	0.288	1.0	-0.22	2.74	1.00	0.00	0.16	111115
