"OPEN 6.2.4"
"Wed Jul 22 2020 09:32:24"
<open><version>"6.2.4"</version></open>
<open><configfile>"/User/Configs/UserPrefs/2x3 LED.xml"</configfile></open>
<open><light><source>"6400-02 or -02B LED Source"</source><par_in>1<sensor>"SI-3781"<cal>-0.93<actinity>1.00</actinity><transm>1.00</transm></cal></sensor><transm>1</transm></par_in><par_out>1<sensor>"Q49599"<cal>7.26</cal></sensor></par_out></light></open>
<open><comps><file>"/User/Configs/Comps/StdComps_6.2"<header>""</header><extras></extras></file><energybal>no<f_parIn>1</f_parIn><f_parOut>0</f_parOut><alphaK>0.16</alphaK></energybal><bc_total>5.036<stomatal_ratio>1</stomatal_ratio><bc_oneside>2.518<type>2</type><table>"/Sys/Lib/StdBLCTable"</table><area>1</area><slope>-0.219565</slope><offset>2.73739</offset><fan>5</fan></bc_oneside></bc_total></comps></open>
<open><prompts><onlog>off</onlog><items>"Default (none)"</items></prompts></open>
<open><constants><oxygen>21 %</oxygen><bb_vapor>1.5</bb_vapor><bb_oxy>0.9</bb_oxy></constants></open>
<open><stability><items>"Std Stability"<items[1]><id>-2</id><size>15</size><pcv><onoff>0</onoff><value>1</value></pcv><std><onoff>0</onoff><value>1</value></std><slp><onoff>1</onoff><value>1</value></slp></items[1]><items[2]><id>-5</id><size>15</size><pcv><onoff>0</onoff><value>1</value></pcv><std><onoff>0</onoff><value>1</value></std><slp><onoff>1</onoff><value>1</value></slp></items[2]><items[3]><id>-7</id><size>15</size><pcv><onoff>0</onoff><value>1</value></pcv><std><onoff>0</onoff><value>1</value></std><slp><onoff>1</onoff><value>1</value></slp></items[3]></items></stability></open>
<open><log><format>"StdLogFmt_6.0"<items>{ -35 -21 -36 -76 30 23 36 21 25 221 -33 111 -34 11 -9 -10 -8 -1 -2 -4 -5 -14 -15 -7 -12 -13 -11 -65 -66 -72 -18 -19 -77 -78 -79 -23  }<hdr>{  }</hdr></items></format><options><beep>on</beep><hdr>normal</hdr><rem>normal</rem><stab>no</stab><stats>no<mean>no</mean><file>no</file><period>15</period></stats><excel>yes</excel><controls>yes</controls><comm>no</comm></options><datafile>"/User/2020_07_22_maxfield"</datafile><button><action>"Normal Log"<code>" LogOneObsManual "</code></action></button><autoprog>"/User/Configs/AutoProgs/AutoLog2"<active>no</active></autoprog></log></open>
<open><a2d><avgtime>4.0 secs</avgtime><userchans><ch20>"Off"</ch20><ch21>"Off"</ch21><ch22>"Off"</ch22><ch23>"Off"</ch23></userchans></a2d></open>
<open><matching><type>0</type><disp>'a'</disp><settings><CO2Limit>10.0</CO2Limit><H2OLimit>1.0</H2OLimit><MaxAutoTime>60</MaxAutoTime></settings></matching></open>
<li6400><factory><unit>"PSC-3840"</unit><serviced>"1 Jul 2013"</serviced><fuseaware>0</fuseaware><co2mixer>yes</co2mixer><co2><coeffs>{ 0 0.213319 2.22998e-05 2.13159e-08 -3.88664e-12 3.69888e-16  }</coeffs><dvdt>-4.7</dvdt><xs>{ 0.0009 -0.0002  }</xs></co2><h2o><coeffs>{ 0 0.00572751 2.23485e-06 -7.37877e-12  }</coeffs><dvdt>-1.7</dvdt><xs>{ 0.0009 -0.0028  }</xs></h2o><flow>{ 0 0.3568  }</flow><press>{ 88.437 0.00551  }</press></factory></li6400>
<li6400><user><flow_zero>-625.0</flow_zero><irga_zero><co2>2773.4 1523.4<at>24.4221</at></co2><h2o>2695.3 2734.4<at>25.5811</at></h2o></irga_zero><irga_span><co2>{ 0.99237 0.992833  }</co2><h2o>{ 1.00426 0.996799  }</h2o></irga_span><irga_match><co2>{ -17.1339 -19.4417  }</co2><h2o>{ 0.304992 0.220267  }</h2o></irga_match><co2_mixer><pump_mv>4500</pump_mv><ppm>{ 2234.6 917.965 278.288 128.389 6.51363 -36.0684 -56.3731 -60.2505  }</ppm><mv>{ 5000 3000 1500 1000 500 300 200 100  }</mv></co2_mixer><parin_offset>0</parin_offset><led_cal><unit>"SI-3781"</unit><mv>{ 10 25 50 100 1000 2000 3000 4000 5000  }</mv><qntm>{ 4.69642 15.4417 35.4805 82.2863 972.665 1922.29 2824.32 3690.14 4518.2  }</qntm></led_cal><lcf_cal><unit>"unknown"</unit><red><mv>{ 50 100 500 1000 1500 5000  }</mv><qntm>{ 50 100 500 1000 2000 5000  }</qntm></red><blue><mv>{ 100 200 500 1000 2000 5000  }</mv><qntm>{ 10 20 50 100 200 500  }</qntm></blue></lcf_cal></user></li6400>
"09:32:43 2B93"
$STARTOFDATA$
"Obs"	"HHMMSS"	"FTime"	"EBal?"	"Photo"	"Cond"	"Ci"	"Trmmol"	"VpdL"	"CTleaf"	"Area"	"BLC_1"	"StmRat"	"BLCond"	"Tair"	"Tleaf"	"TBlk"	"CO2R"	"CO2S"	"H2OR"	"H2OS"	"RH_R"	"RH_S"	"Flow"	"PARi"	"PARo"	"Press"	"CsMch"	"HsMch"	"StableF"	"BLCslope"	"BLCoffst"	"f_parin"	"f_parout"	"alphaK"	"Status"
1	"09:37:12"	316.0	0	35	0.196	88.4	7.82	2.94	23.84	1	2.52	1	5.04	29.97	23.84	32.72	407.18	399.55	-1.216	0.348	-2.07	0.59	500.0	1799	353	72.43	-19.4	0.22	1.0	-0.22	2.74	1.00	0.00	0.16	111115
2	"09:38:46"	410.0	0	37	0.218	101	8.89	3.01	24.31	1	2.52	1	5.04	30.68	24.31	33.42	407.42	399.30	-1.206	0.571	-1.97	0.93	499.9	1800	364	72.43	-19.4	0.22	1.0	-0.22	2.74	1.00	0.00	0.16	111115
"09:46:09 Flow: Fixed -> 500 umol/s"
"09:46:45 5D235"
3	"09:48:29"	993.0	0	4.45	0.0196	16.6	1.02	3.7	27.30	1	2.52	1	5.04	32.69	27.30	35.42	400.54	399.57	-0.929	-0.725	-1.36	-1.06	499.9	1799	307	72.42	-16.4	0.247	0.7	-0.22	2.74	1.00	0.00	0.16	111115
"10:00:02 2D211"
4	"10:01:02"	1745.5	0	21.7	0.116	75	5.47	3.42	26.52	1	2.52	1	5.04	31.84	26.52	34.63	405.02	400.23	-0.302	0.792	-0.46	1.21	499.8	1801	148	72.44	-16.4	0.247	1.0	-0.22	2.74	1.00	0.00	0.16	111115
5	"10:02:35"	1839.0	0	21.5	0.0954	16.5	4.83	3.64	27.53	1	2.52	1	5.04	32.69	27.53	34.97	405.15	400.46	-0.306	0.661	-0.45	0.96	499.8	1800	127	72.44	-16.4	0.247	0.7	-0.22	2.74	1.00	0.00	0.16	111115
"10:09:49 4B171"
"10:19:41 4B213"
6	"10:19:54"	2879.5	0	2.53	0.0315	245	1.54	3.49	26.50	1	2.52	1	5.04	31.39	26.50	34.26	400.65	400.02	-0.454	-0.145	-0.71	-0.23	499.9	1800	250	72.43	-16.4	0.247	0.7	-0.22	2.74	1.00	0.00	0.16	111115
7	"10:20:58"	2943.0	0	1.67	0.0289	280	1.46	3.58	26.94	1	2.52	1	5.04	32.04	26.94	34.94	400.77	400.32	-0.465	-0.174	-0.70	-0.26	499.8	1799	256	72.43	-16.4	0.247	1.0	-0.22	2.74	1.00	0.00	0.16	111115
"10:25:48 3D845"
8	"10:27:16"	3321.5	0	5.35	0.0459	187	2.3	3.57	26.96	1	2.52	1	5.04	31.66	26.96	34.44	399.65	398.40	-0.390	0.069	-0.60	0.11	499.8	1800	266	72.43	-16.4	0.247	1.0	-0.22	2.74	1.00	0.00	0.16	111115
9	"10:28:28"	3393.5	0	4.61	0.0406	193	2.07	3.63	27.24	1	2.52	1	5.04	31.91	27.24	34.21	401.36	400.27	-0.398	0.017	-0.61	0.03	499.9	1800	277	72.43	-16.4	0.247	0.7	-0.22	2.74	1.00	0.00	0.16	111115
"10:33:26 4A74"
10	"10:35:13"	3798.5	0	13.9	0.118	186	5.43	3.32	26.00	1	2.52	1	5.04	31.17	26.00	34.02	402.10	398.90	-0.336	0.750	-0.53	1.19	499.9	1800	218	72.43	-16.4	0.247	1.0	-0.22	2.74	1.00	0.00	0.16	111115
11	"10:36:04"	3850.0	0	15	0.116	167	5.42	3.37	26.25	1	2.52	1	5.04	31.54	26.25	34.24	402.13	398.70	-0.327	0.757	-0.51	1.18	499.9	1800	231	72.43	-16.4	0.247	1.0	-0.22	2.74	1.00	0.00	0.16	111115
"10:39:13 Flow: Fixed -> 500 umol/s"
"10:43:20 4C626"
"10:45:16 4C106"
"10:48:54 4C33"
12	"10:50:38"	4721.5	0	26.8	0.128	41.4	6.01	3.39	26.45	1	2.52	1	5.04	31.04	26.45	33.89	405.45	399.60	-0.174	1.027	-0.28	1.65	499.9	1799	310	72.43	-17	0.224	1.0	-0.22	2.74	1.00	0.00	0.16	111115
13	"10:51:27"	4771.0	0	26.8	0.13	45.8	6.29	3.5	27.00	1	2.52	1	5.04	31.72	27.00	34.60	405.43	399.57	-0.185	1.073	-0.29	1.65	499.8	1799	314	72.42	-17	0.224	1.0	-0.22	2.74	1.00	0.00	0.16	111115
"10:53:23 Lamp: ParIn ->  1800 uml"
"10:53:23 CO2 Mixer: CO2S -> 400 uml"
"10:53:23 Coolers: Tleaf -> 27.00 C"
"10:53:23 Flow: Fixed -> 500 umol/s"
"10:59:36 6D57"
14	"11:01:57"	5401.0	0	17.6	0.13	154	6.4	3.57	27.39	1	2.52	1	5.04	31.43	27.39	33.51	403.54	399.50	-0.025	1.253	-0.04	1.96	499.8	1801	348	72.39	-17	0.224	1.0	-0.22	2.74	1.00	0.00	0.16	111115
15	"11:02:28"	5432.5	0	16.2	0.125	166	6.23	3.59	27.48	1	2.52	1	5.04	31.40	27.48	33.16	403.55	399.81	-0.013	1.233	-0.02	1.93	499.8	1801	351	72.39	-17	0.224	1.0	-0.22	2.74	1.00	0.00	0.16	111115
"11:07:14 6C82"
16	"11:08:34"	5799.0	0	3.96	0.0213	80.6	1.11	3.69	27.64	1	2.52	1	5.04	31.64	27.64	32.66	400.95	400.07	0.086	0.308	0.13	0.48	499.9	1800	349	72.4	-17	0.224	0.7	-0.22	2.74	1.00	0.00	0.16	111115
"11:14:39 5A195"
17	"11:16:06"	6250.5	0	8.35	0.0771	202	3.87	3.59	27.36	1	2.52	1	5.04	31.75	27.36	34.45	403.48	401.50	0.127	0.900	0.20	1.38	499.8	1800	38	72.41	-17	0.224	1.0	-0.22	2.74	1.00	0.00	0.16	111115
18	"11:17:32"	6336.5	0	10.2	0.0655	127	3.34	3.64	27.59	1	2.52	1	5.04	30.96	27.59	31.82	403.37	401.06	0.201	0.868	0.32	1.40	499.8	1799	39	72.41	-17	0.224	0.7	-0.22	2.74	1.00	0.00	0.16	111115
"11:29:23 3A129"
19	"11:30:32"	7117.0	0	16.7	0.0827	54.3	4.3	3.72	28.15	1	2.52	1	5.04	31.87	28.15	32.71	405.44	401.75	0.603	1.462	0.92	2.23	499.8	1800	653	72.43	-17	0.224	0.7	-0.22	2.74	1.00	0.00	0.16	111115
"11:35:14 6B22"
"11:36:09 6B22"
20	"11:36:22"	7467.5	0	29.3	0.136	31.8	6.15	3.29	26.38	1	2.52	1	5.04	27.43	26.38	28.17	407.43	401.08	1.019	2.246	2.01	4.43	499.9	1799	742	72.4	-17	0.224	0.7	-0.22	2.74	1.00	0.00	0.16	111115
21	"11:38:02"	7568.0	0	25.8	0.137	75.3	6.33	3.34	26.67	1	2.52	1	5.04	27.62	26.67	28.17	405.70	400.04	1.130	2.393	2.20	4.67	499.8	1800	653	72.4	-17	0.224	1.0	-0.22	2.74	1.00	0.00	0.16	111115
"11:41:59 Flow: Fixed -> 500 umol/s"
"11:42:57 5B10"
22	"11:44:12"	7935.5	0	1.08	0.0103	207	0.505	3.47	27.02	1	2.52	1	5.04	28.68	27.02	29.74	399.21	398.95	1.511	1.612	2.77	2.96	499.9	1800	575	72.41	-16.2	0.231	0.7	-0.22	2.74	1.00	0.00	0.16	111115
23	"11:45:15"	7998.5	0	1.2	0.00879	158	0.438	3.52	27.30	1	2.52	1	5.04	28.75	27.30	29.65	399.14	398.87	1.572	1.660	2.87	3.03	499.9	1800	594	72.4	-16.2	0.231	1.0	-0.22	2.74	1.00	0.00	0.16	111115
"11:51:21 Lamp: ParIn ->  1800 uml"
"11:51:21 CO2 Mixer: CO2S -> 400 uml"
"11:51:21 Coolers: Tleaf -> 27.00 C"
"11:51:21 Flow: Fixed -> 500 umol/s"
"11:53:15 Flow: Fixed -> 500 umol/s"
"11:54:25 5C203"
24	"11:56:45"	8689.5	0	4.08	0.0227	92.3	1.16	3.62	27.88	1	2.52	1	5.04	30.56	27.88	31.18	401.43	400.52	1.843	2.075	3.03	3.41	499.7	1800	430	72.4	-16.3	0.193	0.7	-0.22	2.74	1.00	0.00	0.16	111115
25	"11:59:22"	8846.0	0	6.38	0.0282	19.5	1.43	3.6	27.82	1	2.52	1	5.04	28.71	27.82	27.34	401.72	400.33	1.896	2.182	3.47	3.99	499.9	1799	464	72.4	-16.3	0.193	1.0	-0.22	2.74	1.00	0.00	0.16	111115
"12:05:56 1C55"
"12:09:51 1C56"
"12:12:08 1C76"
"12:20:20 2C261"
"12:23:07 Flow: Fixed -> 500 umol/s"
"12:25:23 Lamp: ParIn ->  1800 uml"
"12:25:23 CO2 Mixer: CO2S -> 400 uml"
"12:25:23 Coolers: Tleaf -> 27.00 C"
"12:25:23 Flow: Fixed -> 500 umol/s"
"12:27:04 Flow: Fixed -> 500 umol/s"
"12:28:42 2C251"
"12:31:31 2Cuntag"
"12:41:34 Flow: Fixed -> 500 umol/s"
"12:42:22 4D35"
"12:48:31 1D4"
